From 100000 events 
Particle 5122 decay report 
# of Particle 5122 : 4286
(22, 3124) : 1, fraction(0)
(111, 4112) : 1, fraction(0)
(211, -4212) : 1, fraction(0)
(-211, 4122) : 95, fraction(2)
(-211, 2212) : 1, fraction(0)
(211, -4122) : 75, fraction(1)
(-211, 4212) : 4, fraction(0)
(213, -4122) : 19, fraction(0)
(-213, 4122) : 25, fraction(0)
(221, 4112) : 2, fraction(0)
(221, -4112) : 2, fraction(0)
(311, 4132) : 2, fraction(0)
(-311, -4132) : 2, fraction(0)
(-311, -4312) : 4, fraction(0)
(-321, 4122) : 2, fraction(0)
(321, -4122) : 1, fraction(0)
(331, -4112) : 1, fraction(0)
(421, 2112) : 1, fraction(0)
(421, -3122) : 3, fraction(0)
(-421, 3122) : 2, fraction(0)
(431, -4122) : 42, fraction(0)
(-431, 4122) : 44, fraction(1)
(433, -4122) : 106, fraction(2)
(-433, 4122) : 95, fraction(2)
(441, -3122) : 2, fraction(0)
(441, 3122) : 3, fraction(0)
(443, 3122) : 2, fraction(0)
(-3122, 100443) : 1, fraction(0)
(4122, -20213) : 49, fraction(1)
(-4122, 20213) : 43, fraction(1)
(-11, 12, -4124) : 18, fraction(0)
(11, -12, 4122) : 121, fraction(2)
(11, -12, 4124) : 19, fraction(0)
(-11, 12, -4122) : 122, fraction(2)
(11, -12, 14122) : 32, fraction(0)
(-11, 12, -14122) : 33, fraction(0)
(-13, 14, -4122) : 118, fraction(2)
(13, -14, 4124) : 16, fraction(0)
(-13, 14, -4124) : 20, fraction(0)
(13, -14, 14122) : 23, fraction(0)
(-13, 14, -14122) : 33, fraction(0)
(13, -14, 4122) : 94, fraction(2)
(15, -16, 14122) : 8, fraction(0)
(-15, 16, -4122) : 32, fraction(0)
(15, -16, 4122) : 34, fraction(0)
(-15, 16, -14122) : 9, fraction(0)
(15, -16, 4124) : 8, fraction(0)
(-15, 16, -4124) : 5, fraction(0)
(111, 421, 2112) : 1, fraction(0)
(111, -211, 4122) : 55, fraction(1)
(111, 211, -4122) : 52, fraction(1)
(111, -213, 4122) : 20, fraction(0)
(111, 213, -4122) : 17, fraction(0)
(111, -423, -2112) : 1, fraction(0)
(111, 423, 2112) : 1, fraction(0)
(113, -213, 4122) : 19, fraction(0)
(113, -423, -2112) : 1, fraction(0)
(113, 213, -4122) : 15, fraction(0)
(113, -211, 4122) : 29, fraction(0)
(113, 211, -4122) : 26, fraction(0)
(211, -423, -2212) : 2, fraction(0)
(-211, 421, 2212) : 1, fraction(0)
(211, -413, -2112) : 2, fraction(0)
(211, 221, -4122) : 11, fraction(0)
(211, 331, -4122) : 4, fraction(0)
(211, -411, -2112) : 3, fraction(0)
(-211, 221, 4122) : 21, fraction(0)
(-211, 223, 4122) : 26, fraction(0)
(-211, 413, 2112) : 2, fraction(0)
(-211, 331, 4122) : 2, fraction(0)
(-211, 423, 2212) : 2, fraction(0)
(-211, 411, 2112) : 1, fraction(0)
(211, 223, -4122) : 21, fraction(0)
(-213, 223, 4122) : 9, fraction(0)
(213, 223, -4122) : 12, fraction(0)
(-213, 423, 2212) : 1, fraction(0)
(213, -423, -2212) : 2, fraction(0)
(-213, 221, 4122) : 15, fraction(0)
(213, -411, -2112) : 1, fraction(0)
(213, 331, -4122) : 2, fraction(0)
(213, 221, -4122) : 10, fraction(0)
(221, 421, 2112) : 1, fraction(0)
(221, 431, -4122) : 1, fraction(0)
(221, -423, -2112) : 1, fraction(0)
(223, -421, -2112) : 1, fraction(0)
(223, 423, 2112) : 1, fraction(0)
(-311, -411, 4122) : 4, fraction(0)
(-311, 321, -4122) : 12, fraction(0)
(311, -323, 4122) : 2, fraction(0)
(-311, 323, -4122) : 4, fraction(0)
(-311, 441, 2112) : 3, fraction(0)
(-311, -423, -3122) : 1, fraction(0)
(311, -321, 4122) : 8, fraction(0)
(311, 441, -2112) : 1, fraction(0)
(311, 443, -2112) : 4, fraction(0)
(-311, 443, 2112) : 1, fraction(0)
(311, 411, -4122) : 4, fraction(0)
(-311, -413, 4122) : 4, fraction(0)
(311, 413, -4122) : 2, fraction(0)
(-313, -411, 4122) : 2, fraction(0)
(313, -321, 4122) : 8, fraction(0)
(-313, 323, -4122) : 3, fraction(0)
(-313, -413, 4122) : 1, fraction(0)
(313, 443, -2112) : 1, fraction(0)
(313, 413, -4122) : 5, fraction(0)
(313, 441, -2112) : 1, fraction(0)
(-313, 321, -4122) : 4, fraction(0)
(313, 411, -4122) : 2, fraction(0)
(-313, 441, 2112) : 1, fraction(0)
(313, -323, 4122) : 5, fraction(0)
(-313, 443, 2112) : 3, fraction(0)
(321, -431, -2112) : 1, fraction(0)
(321, -433, -2112) : 1, fraction(0)
(-321, -421, 4122) : 4, fraction(0)
(-321, 441, 2212) : 2, fraction(0)
(321, 423, -4122) : 4, fraction(0)
(-321, 443, 2212) : 1, fraction(0)
(321, 441, -2212) : 7, fraction(0)
(-321, -423, 4122) : 4, fraction(0)
(321, 421, -4122) : 3, fraction(0)
(-321, -421, 2212) : 1, fraction(0)
(-323, 443, 2212) : 6, fraction(0)
(-323, 441, 2212) : 1, fraction(0)
(323, 443, -2212) : 5, fraction(0)
(-323, -421, 4122) : 3, fraction(0)
(323, 441, -2212) : 1, fraction(0)
(323, 421, -4122) : 1, fraction(0)
(323, 423, -4122) : 3, fraction(0)
(-323, -423, 4122) : 2, fraction(0)
(333, 431, -4122) : 2, fraction(0)
(-411, 411, 3122) : 1, fraction(0)
(411, -411, 3122) : 3, fraction(0)
(411, -413, 3122) : 5, fraction(0)
(411, -413, -3122) : 2, fraction(0)
(411, -431, 2112) : 1, fraction(0)
(-411, 431, -2112) : 3, fraction(0)
(-411, 433, -2112) : 4, fraction(0)
(-411, 413, 3122) : 3, fraction(0)
(411, -433, 2112) : 2, fraction(0)
(-411, 411, -3122) : 2, fraction(0)
(-411, 413, -3122) : 4, fraction(0)
(-413, 413, -3122) : 2, fraction(0)
(-413, 431, -2112) : 6, fraction(0)
(413, -431, 2112) : 2, fraction(0)
(-413, 413, 3122) : 5, fraction(0)
(-413, 433, -2112) : 1, fraction(0)
(413, -413, 3122) : 5, fraction(0)
(413, -413, -3122) : 1, fraction(0)
(421, -423, -3122) : 8, fraction(0)
(-421, 431, -2212) : 1, fraction(0)
(421, -421, -3122) : 3, fraction(0)
(-421, 423, -3122) : 6, fraction(0)
(-421, 421, -3122) : 3, fraction(0)
(-421, 421, 3122) : 2, fraction(0)
(421, -431, 2212) : 2, fraction(0)
(421, -423, 3122) : 4, fraction(0)
(-421, 423, 3122) : 6, fraction(0)
(421, -421, 3122) : 1, fraction(0)
(421, -433, 2212) : 3, fraction(0)
(-421, 433, -2212) : 1, fraction(0)
(423, -431, 2212) : 2, fraction(0)
(423, -423, 3122) : 2, fraction(0)
(-423, 433, -2212) : 1, fraction(0)
(-423, 423, 3122) : 4, fraction(0)
(-423, 423, -3122) : 1, fraction(0)
(423, -433, 2212) : 1, fraction(0)
(-423, 431, -2212) : 3, fraction(0)
(431, -433, 3122) : 2, fraction(0)
(431, -433, -3122) : 1, fraction(0)
(-431, 431, 3122) : 1, fraction(0)
(431, -431, 3122) : 2, fraction(0)
(433, -433, 3122) : 1, fraction(0)
(-433, 433, -3122) : 2, fraction(0)
(-1114, 2112, -4122) : 1, fraction(0)
(-1114, 2114, -4122) : 1, fraction(0)
(1114, -2114, 4122) : 1, fraction(0)
(-2112, 2212, -4122) : 5, fraction(0)
(2112, -2212, 4122) : 6, fraction(0)
(-2112, 3222, -4232) : 1, fraction(0)
(2114, -2214, 4122) : 3, fraction(0)
(-2114, -2212, 2212) : 1, fraction(0)
(-2114, 2214, -4122) : 2, fraction(0)
(-2212, 2224, -4122) : 2, fraction(0)
(2212, -2224, 4122) : 1, fraction(0)
(-2214, 2224, -4122) : 2, fraction(0)
(2214, -2224, 4122) : 1, fraction(0)
(3112, -3212, 4122) : 3, fraction(0)
(-3112, 3212, -4122) : 1, fraction(0)
(-3122, 3222, -4122) : 1, fraction(0)
(3212, -3222, 4122) : 1, fraction(0)
(111, 111, -211, 2212) : 1, fraction(0)
(111, -313, 323, -4122) : 1, fraction(0)
(111, -313, 321, -4122) : 3, fraction(0)
(111, -413, 433, -2112) : 1, fraction(0)
(111, 113, 421, 2112) : 2, fraction(0)
(111, 213, 221, -4122) : 9, fraction(0)
(111, 313, -321, 4122) : 2, fraction(0)
(111, 111, 421, 2112) : 1, fraction(0)
(111, 213, 223, -4122) : 5, fraction(0)
(111, 211, 223, -4122) : 9, fraction(0)
(111, -2112, -2212, 2212) : 1, fraction(0)
(111, 211, -413, -2112) : 2, fraction(0)
(111, -411, 413, -3122) : 2, fraction(0)
(111, 113, 211, -4122) : 16, fraction(0)
(111, -411, 413, 3122) : 1, fraction(0)
(111, -213, 221, 4122) : 5, fraction(0)
(111, -2112, 2212, -4122) : 2, fraction(0)
(111, 2114, -2214, 4122) : 1, fraction(0)
(111, -311, 321, -4122) : 3, fraction(0)
(111, 111, -213, 4122) : 3, fraction(0)
(111, -311, 323, -4122) : 1, fraction(0)
(111, 111, -211, 4122) : 10, fraction(0)
(111, 313, -323, 4122) : 1, fraction(0)
(111, -213, 221, 2212) : 1, fraction(0)
(111, -213, 223, 4122) : 9, fraction(0)
(111, -211, 331, 4122) : 3, fraction(0)
(111, 323, 421, -4122) : 1, fraction(0)
(111, -3212, 3222, -4122) : 1, fraction(0)
(111, 113, 213, -4122) : 3, fraction(0)
(111, 223, -423, -2112) : 1, fraction(0)
(111, -321, 441, 2212) : 1, fraction(0)
(111, 211, -423, -2212) : 2, fraction(0)
(111, 111, 213, -4122) : 4, fraction(0)
(111, -211, 413, 2112) : 4, fraction(0)
(111, 323, 421, -2212) : 1, fraction(0)
(111, 421, -421, 3122) : 1, fraction(0)
(111, 113, -211, 4122) : 21, fraction(0)
(111, 413, -413, 3122) : 1, fraction(0)
(111, -211, 221, 4122) : 3, fraction(0)
(111, 321, 423, -4122) : 1, fraction(0)
(111, 213, 331, -4122) : 1, fraction(0)
(111, 211, 221, -4122) : 11, fraction(0)
(111, -311, -413, 4122) : 1, fraction(0)
(111, -211, 411, 2112) : 2, fraction(0)
(111, -3112, 3122, -4122) : 1, fraction(0)
(111, 113, -213, 4122) : 9, fraction(0)
(111, 421, -423, -3122) : 1, fraction(0)
(111, 311, -321, 4122) : 1, fraction(0)
(111, 3122, -3222, 4122) : 1, fraction(0)
(111, 111, 211, -4122) : 16, fraction(0)
(111, -211, 223, 4122) : 14, fraction(0)
(111, 211, 331, -4122) : 2, fraction(0)
(111, -213, 331, 4122) : 2, fraction(0)
(111, 2112, -2212, 4122) : 4, fraction(0)
(111, -1114, 2114, -4122) : 2, fraction(0)
(111, -321, -421, 4122) : 1, fraction(0)
(111, 311, 411, -4122) : 2, fraction(0)
(111, 211, -411, -2112) : 1, fraction(0)
(111, -213, 421, 2212) : 1, fraction(0)
(111, -213, 423, 2212) : 2, fraction(0)
(111, -211, 421, 2212) : 1, fraction(0)
(113, 113, -213, 4122) : 3, fraction(0)
(113, -311, 321, -4122) : 4, fraction(0)
(113, 113, -211, 4122) : 3, fraction(0)
(113, 2112, -2212, 4122) : 3, fraction(0)
(113, -213, 331, 4122) : 1, fraction(0)
(113, -211, 423, 2212) : 1, fraction(0)
(113, 211, -421, -2212) : 1, fraction(0)
(113, 313, -323, 4122) : 2, fraction(0)
(113, 211, -423, -2212) : 2, fraction(0)
(113, -213, 223, 4122) : 4, fraction(0)
(113, 113, 213, -4122) : 1, fraction(0)
(113, -2214, 2224, -4122) : 1, fraction(0)
(113, 313, -321, 4122) : 1, fraction(0)
(113, -311, 443, 2112) : 1, fraction(0)
(113, -213, 413, 2112) : 1, fraction(0)
(113, -211, 223, 4122) : 5, fraction(0)
(113, -213, 221, 4122) : 3, fraction(0)
(113, 211, 223, -4122) : 8, fraction(0)
(113, 213, 223, -4122) : 7, fraction(0)
(113, 311, 411, -4122) : 1, fraction(0)
(113, 311, -321, 4122) : 5, fraction(0)
(113, -2112, 2212, -4122) : 3, fraction(0)
(113, -211, 221, 4122) : 6, fraction(0)
(113, 213, 221, -4122) : 3, fraction(0)
(113, 113, 211, -4122) : 6, fraction(0)
(113, -211, 433, 3122) : 1, fraction(0)
(113, -313, 323, -4122) : 1, fraction(0)
(113, 311, -323, 4122) : 1, fraction(0)
(113, 321, 423, -4122) : 1, fraction(0)
(113, 211, 221, -4122) : 7, fraction(0)
(113, 3122, -3222, 4122) : 1, fraction(0)
(-211, 321, -323, 4122) : 1, fraction(0)
(211, 311, -311, -4122) : 1, fraction(0)
(-211, 221, 223, 4122) : 6, fraction(0)
(-211, 321, 441, -2112) : 2, fraction(0)
(211, 221, 221, -4122) : 2, fraction(0)
(211, -323, -423, -3122) : 1, fraction(0)
(211, -413, 421, -3122) : 1, fraction(0)
(211, -213, -423, -2112) : 1, fraction(0)
(211, 221, 223, -4122) : 7, fraction(0)
(-211, 211, -211, 4122) : 16, fraction(0)
(211, 1114, -1114, -4122) : 1, fraction(0)
(-211, -311, -423, 2212) : 1, fraction(0)
(211, -413, 421, 3122) : 1, fraction(0)
(-211, 213, 213, -4122) : 7, fraction(0)
(211, 211, -213, -4122) : 8, fraction(0)
(-211, -1114, 2112, 4112) : 1, fraction(0)
(211, 323, -431, -2212) : 1, fraction(0)
(211, -411, 433, -2212) : 1, fraction(0)
(-211, -313, 313, 4122) : 2, fraction(0)
(-211, 221, 413, 2112) : 2, fraction(0)
(-211, 211, -213, 4122) : 8, fraction(0)
(211, -321, -411, 2212) : 1, fraction(0)
(211, 2212, -2212, -4122) : 2, fraction(0)
(-211, -323, 323, 4122) : 1, fraction(0)
(-211, 211, 423, 2112) : 2, fraction(0)
(211, -211, -213, 4122) : 6, fraction(0)
(-211, 2112, -2112, 4122) : 1, fraction(0)
(211, -321, -413, 2212) : 1, fraction(0)
(211, 313, -313, -4122) : 1, fraction(0)
(-211, -3222, 3222, 4122) : 1, fraction(0)
(-211, -423, 433, -2112) : 1, fraction(0)
(211, 321, -323, -4122) : 1, fraction(0)
(-211, -311, 313, 4122) : 3, fraction(0)
(211, 321, -321, -4122) : 4, fraction(0)
(-211, 413, -423, -3122) : 1, fraction(0)
(211, -213, 423, 2112) : 1, fraction(0)
(-211, -2214, 2214, 4122) : 1, fraction(0)
(-211, 411, -421, -3122) : 2, fraction(0)
(-211, -313, -423, 4122) : 1, fraction(0)
(-211, 321, 413, -4122) : 2, fraction(0)
(211, 423, -431, 2112) : 1, fraction(0)
(211, -411, 423, -3122) : 4, fraction(0)
(211, -213, -213, 4122) : 6, fraction(0)
(-211, -2212, 2212, 4122) : 1, fraction(0)
(211, 323, -433, -2212) : 1, fraction(0)
(-211, 321, 443, -2112) : 2, fraction(0)
(211, -411, 421, -3122) : 2, fraction(0)
(-211, -311, -421, 4122) : 1, fraction(0)
(211, 2112, -2224, 4122) : 1, fraction(0)
(211, -321, -411, 4122) : 2, fraction(0)
(-211, 323, 411, -4122) : 1, fraction(0)
(211, 2214, -2214, -4122) : 1, fraction(0)
(211, -321, -421, -3122) : 1, fraction(0)
(211, -413, 423, -3122) : 2, fraction(0)
(-211, -2114, 2114, 4122) : 2, fraction(0)
(-211, 3122, -3212, 4122) : 1, fraction(0)
(-211, 211, 211, -4122) : 46, fraction(1)
(211, -211, 211, -4122) : 23, fraction(0)
(-211, 223, 223, 4122) : 7, fraction(0)
(-211, -2112, 2224, -4122) : 1, fraction(0)
(-211, 311, -313, 4122) : 2, fraction(0)
(-211, -211, 213, 4122) : 11, fraction(0)
(211, -211, -211, 4122) : 40, fraction(0)
(-211, -2212, 2214, 4122) : 1, fraction(0)
(211, 421, -431, 2112) : 1, fraction(0)
(211, -321, 323, -4122) : 4, fraction(0)
(-211, -311, 311, 4122) : 5, fraction(0)
(211, -213, 421, 2112) : 1, fraction(0)
(-211, 311, 411, 3122) : 1, fraction(0)
(211, 223, 223, -4122) : 8, fraction(0)
(-211, 323, 411, -2212) : 1, fraction(0)
(-211, 413, -421, 3122) : 2, fraction(0)
(211, 213, -213, -4122) : 3, fraction(0)
(211, 3212, -3212, -4122) : 1, fraction(0)
(211, 223, -423, -2212) : 2, fraction(0)
(-211, -321, 323, 4122) : 3, fraction(0)
(-211, -213, 213, 4122) : 6, fraction(0)
(-211, 213, -213, 4122) : 4, fraction(0)
(-211, 211, 213, -4122) : 9, fraction(0)
(211, 221, -413, -2112) : 1, fraction(0)
(-211, 221, 411, 2112) : 1, fraction(0)
(211, 313, 423, -4122) : 2, fraction(0)
(211, -211, 213, -4122) : 3, fraction(0)
(211, -311, 313, -4122) : 1, fraction(0)
(-211, 221, 221, 4122) : 2, fraction(0)
(211, -411, 423, 3122) : 2, fraction(0)
(211, 2112, -2112, -4122) : 3, fraction(0)
(211, 311, 441, -2212) : 1, fraction(0)
(-211, 2212, -2224, 4224) : 1, fraction(0)
(-211, 311, 413, 3122) : 1, fraction(0)
(211, 311, 421, -4122) : 1, fraction(0)
(211, 211, -411, -2212) : 2, fraction(0)
(211, 311, -313, -4122) : 2, fraction(0)
(-211, -1114, 1114, 4122) : 1, fraction(0)
(-211, -321, 321, 4122) : 1, fraction(0)
(211, -413, 423, 3122) : 1, fraction(0)
(211, -3122, 3212, -4122) : 1, fraction(0)
(-211, 211, 421, 2112) : 1, fraction(0)
(211, 2212, -2214, -4122) : 2, fraction(0)
(-213, -2212, 2212, 4122) : 2, fraction(0)
(-213, -311, 313, 4122) : 2, fraction(0)
(-213, -321, 323, 4122) : 3, fraction(0)
(-213, -311, -421, 4122) : 1, fraction(0)
(213, 323, -431, -2212) : 1, fraction(0)
(213, 3212, -3212, -4122) : 1, fraction(0)
(213, -3212, 3212, -4122) : 1, fraction(0)
(-213, 223, 223, 4122) : 2, fraction(0)
(213, -213, 213, -4122) : 3, fraction(0)
(213, 321, -321, -2212) : 1, fraction(0)
(213, -311, 311, -4122) : 1, fraction(0)
(213, -323, -413, 2212) : 1, fraction(0)
(213, 311, -313, -4122) : 2, fraction(0)
(-213, 321, 441, -2112) : 1, fraction(0)
(213, 321, -321, -4122) : 1, fraction(0)
(213, 311, -311, -4122) : 4, fraction(0)
(213, 321, -323, -4122) : 1, fraction(0)
(-213, 223, 411, 2112) : 1, fraction(0)
(213, 323, -323, -4122) : 2, fraction(0)
(213, 2112, -2112, -4122) : 4, fraction(0)
(-213, 321, -323, 4122) : 1, fraction(0)
(213, 223, -421, -2212) : 1, fraction(0)
(213, 2212, -2212, -4122) : 1, fraction(0)
(-213, 223, 421, 2212) : 1, fraction(0)
(-213, -2112, 2112, 4122) : 2, fraction(0)
(213, 311, 423, -2212) : 2, fraction(0)
(213, 313, -313, -4122) : 1, fraction(0)
(-213, 213, -213, 4122) : 2, fraction(0)
(213, 3112, -3112, -4122) : 2, fraction(0)
(-213, 221, 223, 4122) : 4, fraction(0)
(213, 1114, -2212, 4122) : 1, fraction(0)
(-213, 223, 223, 2212) : 1, fraction(0)
(213, 221, -413, -2112) : 1, fraction(0)
(213, 223, -411, -2112) : 2, fraction(0)
(213, 311, -311, -2212) : 1, fraction(0)
(213, 2212, -2214, -4122) : 1, fraction(0)
(-213, -213, 411, 2212) : 1, fraction(0)
(-213, -321, 321, 4122) : 2, fraction(0)
(-213, -311, 311, 4122) : 1, fraction(0)
(-213, 311, -313, 4122) : 1, fraction(0)
(213, 313, 441, -2212) : 1, fraction(0)
(-213, 221, 221, 4122) : 1, fraction(0)
(213, 331, -421, -2212) : 1, fraction(0)
(-213, 221, 423, 2212) : 1, fraction(0)
(213, -321, 323, -4122) : 2, fraction(0)
(213, 423, -431, 2112) : 1, fraction(0)
(221, 3112, -3122, 4122) : 1, fraction(0)
(221, -313, 321, -4122) : 1, fraction(0)
(221, -421, 421, -3122) : 1, fraction(0)
(221, -311, -411, 4122) : 1, fraction(0)
(221, -3214, 3222, -4122) : 1, fraction(0)
(221, 411, -411, -3122) : 1, fraction(0)
(221, -311, 323, -4122) : 1, fraction(0)
(221, -3112, 3122, -4122) : 1, fraction(0)
(221, -311, 321, -4122) : 1, fraction(0)
(221, 2112, -2212, 4122) : 1, fraction(0)
(221, 313, -323, 4122) : 2, fraction(0)
(221, -411, 433, -2112) : 1, fraction(0)
(221, -323, 431, 2112) : 1, fraction(0)
(221, -423, 431, -2212) : 1, fraction(0)
(221, -2112, 2212, -4122) : 2, fraction(0)
(221, 421, -433, 2212) : 1, fraction(0)
(223, -311, 321, -4122) : 3, fraction(0)
(223, -3112, 3212, -4122) : 1, fraction(0)
(223, -311, 323, -4122) : 1, fraction(0)
(223, -313, 321, -4122) : 1, fraction(0)
(223, 313, -321, 4122) : 1, fraction(0)
(223, -2112, 2212, -4122) : 2, fraction(0)
(223, 311, -321, 4122) : 5, fraction(0)
(223, -313, 323, -4122) : 3, fraction(0)
(223, 321, 423, -4122) : 1, fraction(0)
(223, 2112, -2212, 4122) : 1, fraction(0)
(223, 2114, -2212, 4122) : 1, fraction(0)
(311, 411, -421, -2212) : 1, fraction(0)
(311, 411, -413, -2112) : 1, fraction(0)
(311, 333, 441, -2112) : 1, fraction(0)
(-311, -411, 423, 2212) : 2, fraction(0)
(-311, -413, 413, 2112) : 1, fraction(0)
(311, -411, 411, -2112) : 1, fraction(0)
(-311, 2212, -3122, -4122) : 1, fraction(0)
(311, 411, -411, -2112) : 2, fraction(0)
(-311, -411, 421, 2212) : 1, fraction(0)
(311, -411, 413, -2112) : 1, fraction(0)
(311, 421, -421, -2112) : 1, fraction(0)
(311, -323, 331, 4122) : 1, fraction(0)
(311, -413, 413, -2112) : 1, fraction(0)
(-311, -411, 431, -3122) : 1, fraction(0)
(-311, 421, -423, 2112) : 2, fraction(0)
(-311, -411, 413, 2112) : 3, fraction(0)
(-311, 411, -413, 2112) : 2, fraction(0)
(-311, 413, -413, 2112) : 1, fraction(0)
(-311, 421, -421, 2112) : 1, fraction(0)
(311, 411, -433, -3122) : 1, fraction(0)
(-311, -413, 431, -3122) : 1, fraction(0)
(313, 421, -421, -2112) : 1, fraction(0)
(313, -2212, 3122, 4122) : 1, fraction(0)
(-313, -421, 421, 2112) : 1, fraction(0)
(-313, 411, -411, 2112) : 1, fraction(0)
(-321, -411, 413, 2212) : 1, fraction(0)
(321, 333, 423, -2212) : 1, fraction(0)
(321, -423, 423, -2212) : 3, fraction(0)
(-321, -421, 423, 2212) : 1, fraction(0)
(-321, 321, -431, 4122) : 1, fraction(0)
(321, -413, 421, -2112) : 2, fraction(0)
(-321, -421, 431, -3122) : 1, fraction(0)
(321, -411, 413, -2212) : 2, fraction(0)
(-321, -423, 431, 3122) : 1, fraction(0)
(-321, 413, -421, 2112) : 1, fraction(0)
(-321, 421, -421, 2212) : 1, fraction(0)
(321, -413, 423, -2112) : 2, fraction(0)
(-321, 411, -423, 2112) : 1, fraction(0)
(321, -421, 423, -2212) : 1, fraction(0)
(-321, 321, 431, -4122) : 2, fraction(0)
(321, -411, 421, -2112) : 1, fraction(0)
(321, 423, -423, -2212) : 2, fraction(0)
(-321, 2114, -3214, 4122) : 1, fraction(0)
(-321, 321, 421, 2112) : 1, fraction(0)
(321, 421, -421, -2212) : 1, fraction(0)
(321, -3212, 3322, -4122) : 1, fraction(0)
(323, -421, 421, -2212) : 1, fraction(0)
(323, -2112, 3122, -4122) : 1, fraction(0)
(413, 1114, -2112, 2112) : 1, fraction(0)
(-423, -1114, 2112, -2212) : 1, fraction(0)
(-423, -1114, 2114, -2212) : 1, fraction(0)
(111, -211, 213, 213, -4122) : 3, fraction(0)
(111, 223, -313, 323, -4122) : 1, fraction(0)
(111, -213, 223, 413, 2112) : 1, fraction(0)
(111, 321, -1114, 3114, -4122) : 1, fraction(0)
(111, 111, 113, -211, 4122) : 6, fraction(0)
(111, -211, 211, 213, -2212) : 1, fraction(0)
(111, -211, 223, 423, 2212) : 1, fraction(0)
(111, 113, -311, 323, -4122) : 1, fraction(0)
(111, 213, 221, 221, -4122) : 2, fraction(0)
(111, 113, 113, 213, -4122) : 4, fraction(0)
(111, -211, 2112, -2112, 4122) : 1, fraction(0)
(111, -211, -311, 313, 4122) : 2, fraction(0)
(111, -211, -213, 213, 4122) : 1, fraction(0)
(111, 211, 223, 331, -4122) : 1, fraction(0)
(111, -211, 321, -323, 4122) : 1, fraction(0)
(111, 213, 2114, -2224, 4122) : 1, fraction(0)
(111, 113, 113, 423, 2112) : 1, fraction(0)
(111, 211, 221, 223, -4122) : 5, fraction(0)
(111, -211, 213, -213, 4122) : 5, fraction(0)
(111, -211, 211, 213, -4122) : 4, fraction(0)
(111, 211, 321, -321, -4122) : 1, fraction(0)
(111, -211, 211, -213, 4122) : 7, fraction(0)
(111, 223, 311, -323, 4122) : 1, fraction(0)
(111, 111, 211, 221, -4122) : 4, fraction(0)
(111, 111, 111, 211, -4122) : 1, fraction(0)
(111, 211, 311, -311, -4122) : 4, fraction(0)
(111, -213, 213, -213, 4122) : 2, fraction(0)
(111, 213, 221, 223, -4122) : 2, fraction(0)
(111, 111, -213, 411, 2112) : 1, fraction(0)
(111, 113, 113, -213, 4122) : 2, fraction(0)
(111, 111, 213, 223, -4122) : 3, fraction(0)
(111, 113, 211, 221, -4122) : 4, fraction(0)
(111, -211, 323, 413, -4122) : 1, fraction(0)
(111, 111, 213, -423, -2212) : 1, fraction(0)
(111, 113, 213, -413, -2112) : 1, fraction(0)
(111, -213, -311, 313, 4122) : 1, fraction(0)
(111, -321, -411, 411, 2212) : 1, fraction(0)
(111, -411, -2112, -2112, 2212) : 1, fraction(0)
(111, -211, -2212, 2212, 4122) : 1, fraction(0)
(111, 211, 223, -411, -2112) : 1, fraction(0)
(111, 221, 2112, -2212, 4122) : 1, fraction(0)
(111, 211, 223, -413, -2112) : 1, fraction(0)
(111, 113, -211, 423, 2212) : 1, fraction(0)
(111, 211, 2212, -2212, -4122) : 1, fraction(0)
(111, 111, 211, 223, -4122) : 7, fraction(0)
(111, 211, -213, 213, -4122) : 2, fraction(0)
(111, 111, 311, -321, 4122) : 1, fraction(0)
(111, 113, -211, 223, 4122) : 5, fraction(0)
(111, -211, 411, -421, -3122) : 1, fraction(0)
(111, 111, 311, -323, 4122) : 1, fraction(0)
(111, 113, -213, 221, 4122) : 2, fraction(0)
(111, -213, -311, 311, 4122) : 1, fraction(0)
(111, 211, 1114, -1114, -4122) : 1, fraction(0)
(111, -323, 333, -421, 2212) : 1, fraction(0)
(111, 211, -311, 313, -4122) : 1, fraction(0)
(111, 211, -211, -213, 4122) : 5, fraction(0)
(111, 111, -213, 221, 4122) : 2, fraction(0)
(111, -211, 223, 413, 2112) : 1, fraction(0)
(111, 111, 113, -213, 4122) : 7, fraction(0)
(111, 223, 2112, -2212, 4122) : 1, fraction(0)
(111, 111, -2214, 2224, -4122) : 1, fraction(0)
(111, -211, 221, 221, 4122) : 1, fraction(0)
(111, 113, 211, 331, -4122) : 1, fraction(0)
(111, 221, 323, 423, -2212) : 1, fraction(0)
(111, -211, -311, -421, 2212) : 1, fraction(0)
(111, 223, -2112, 2212, -4122) : 1, fraction(0)
(111, -213, -313, 313, 4122) : 2, fraction(0)
(111, -211, -3112, 3112, 4122) : 1, fraction(0)
(111, 221, 311, -321, 4122) : 2, fraction(0)
(111, 111, 111, -213, 4122) : 2, fraction(0)
(111, 213, 2112, -2112, -4122) : 1, fraction(0)
(111, 213, 311, -311, -4122) : 2, fraction(0)
(111, 211, -213, -213, 4122) : 5, fraction(0)
(111, 113, 113, -211, 4122) : 3, fraction(0)
(111, -313, 323, -413, -2112) : 1, fraction(0)
(111, 111, 313, -321, 4122) : 1, fraction(0)
(111, 213, -213, -421, -2112) : 1, fraction(0)
(111, 211, -211, 213, -4122) : 3, fraction(0)
(111, 211, 2112, -2224, 4122) : 1, fraction(0)
(111, -211, 223, 411, 2112) : 1, fraction(0)
(111, 111, -213, 223, 4122) : 2, fraction(0)
(111, -211, -3212, 3212, 4122) : 1, fraction(0)
(111, -213, 221, 421, 2212) : 1, fraction(0)
(111, 111, -211, 421, 2212) : 1, fraction(0)
(111, 113, -311, 321, -4122) : 1, fraction(0)
(111, 111, 211, -423, -2212) : 1, fraction(0)
(111, 113, 213, -423, -2212) : 1, fraction(0)
(111, 213, 213, -411, -2212) : 1, fraction(0)
(111, -211, -211, 211, 4122) : 1, fraction(0)
(111, 211, -211, -421, -2112) : 1, fraction(0)
(111, -211, 221, 411, 2112) : 1, fraction(0)
(111, 223, 311, -321, 4122) : 2, fraction(0)
(111, -311, 321, 331, -4122) : 1, fraction(0)
(111, 213, 311, 421, -2212) : 1, fraction(0)
(111, -213, 223, 223, 4122) : 1, fraction(0)
(111, 221, -3112, 3122, -4122) : 1, fraction(0)
(111, 331, -2112, 2212, -4122) : 1, fraction(0)
(111, 113, 211, 223, -4122) : 3, fraction(0)
(111, 211, 213, -411, -2212) : 1, fraction(0)
(111, -321, -423, 423, 2212) : 1, fraction(0)
(111, -211, -2112, 2112, 4122) : 2, fraction(0)
(111, 311, 411, -421, -2212) : 1, fraction(0)
(111, 211, -211, 421, 2112) : 1, fraction(0)
(111, 311, -3212, 3312, 4122) : 1, fraction(0)
(111, 311, -311, -433, 2212) : 1, fraction(0)
(111, 211, 211, -411, -2212) : 1, fraction(0)
(111, 111, 211, 331, -4122) : 2, fraction(0)
(111, 111, -211, 221, 4122) : 6, fraction(0)
(111, -211, -211, 413, 2212) : 1, fraction(0)
(111, 211, -413, 423, -3122) : 1, fraction(0)
(111, 211, 313, 421, -4122) : 1, fraction(0)
(111, -213, -2112, 2112, 4122) : 1, fraction(0)
(111, 211, -2112, 2114, -4122) : 1, fraction(0)
(111, 111, -2112, 2214, -4122) : 1, fraction(0)
(111, 213, 2212, -2212, -4122) : 1, fraction(0)
(111, 211, 211, -213, -4122) : 3, fraction(0)
(111, 111, 111, -211, 4122) : 2, fraction(0)
(111, 111, 213, 221, -4122) : 2, fraction(0)
(111, -211, 221, 421, 2212) : 1, fraction(0)
(111, 111, 113, 213, -4122) : 3, fraction(0)
(111, 113, 213, 221, -4122) : 2, fraction(0)
(111, -311, -411, 423, 2212) : 1, fraction(0)
(111, 111, -213, 413, 2112) : 1, fraction(0)
(111, 211, 213, -213, -4122) : 2, fraction(0)
(111, 211, -213, 423, 2112) : 1, fraction(0)
(111, 113, -211, 221, 4122) : 5, fraction(0)
(111, -211, -211, 411, 2212) : 1, fraction(0)
(111, 221, -2214, 2224, -4122) : 1, fraction(0)
(111, 111, -3212, 3224, -4122) : 1, fraction(0)
(111, -213, 213, 423, 2112) : 1, fraction(0)
(111, 111, -2112, 2212, -4122) : 3, fraction(0)
(111, 213, 213, -413, -2212) : 1, fraction(0)
(111, 113, 213, 223, -4122) : 1, fraction(0)
(111, 211, -211, 211, -4122) : 7, fraction(0)
(111, 111, -211, 223, 4122) : 6, fraction(0)
(111, 111, 113, 211, -4122) : 4, fraction(0)
(111, 113, -213, 223, 4122) : 1, fraction(0)
(111, 211, 2112, -2112, -4122) : 3, fraction(0)
(111, 223, 313, -321, 4122) : 1, fraction(0)
(111, 213, -311, 313, -4122) : 1, fraction(0)
(111, 213, -213, 213, -4122) : 2, fraction(0)
(111, -211, 211, -211, 4122) : 11, fraction(0)
(111, 211, 221, -411, -2112) : 1, fraction(0)
(111, 211, 311, -313, -4122) : 1, fraction(0)
(111, -211, -211, 213, 4122) : 6, fraction(0)
(111, 211, -321, 323, -4122) : 1, fraction(0)
(111, 221, 3112, -3212, 4122) : 1, fraction(0)
(113, 213, 223, 331, -4122) : 1, fraction(0)
(113, 213, 321, -321, -4122) : 1, fraction(0)
(113, -211, -2212, 2212, 4122) : 1, fraction(0)
(113, 211, -211, 213, -4122) : 2, fraction(0)
(113, 211, -213, 213, -4122) : 1, fraction(0)
(113, -211, 321, 423, 3122) : 1, fraction(0)
(113, -211, -213, 413, 2212) : 1, fraction(0)
(113, -213, -321, 433, 2212) : 1, fraction(0)
(113, -211, 221, 331, 4122) : 1, fraction(0)
(113, -213, 221, 331, 4122) : 1, fraction(0)
(113, -211, -213, 213, 4122) : 2, fraction(0)
(113, 223, -313, -411, 2212) : 1, fraction(0)
(113, -211, -321, 323, 4122) : 1, fraction(0)
(113, 221, 311, -323, 4122) : 1, fraction(0)
(113, 211, -211, 211, -4122) : 4, fraction(0)
(113, 211, 1114, -2212, 4122) : 2, fraction(0)
(113, -213, 221, 223, 4122) : 1, fraction(0)
(113, 211, -211, -213, 4122) : 2, fraction(0)
(113, -213, -321, 323, 4122) : 1, fraction(0)
(113, -211, 211, 213, -4122) : 1, fraction(0)
(113, 113, 113, 211, -4122) : 1, fraction(0)
(113, -211, -211, 213, 4122) : 2, fraction(0)
(113, -211, 213, -213, 4122) : 1, fraction(0)
(113, -211, 223, 331, 4122) : 1, fraction(0)
(113, -211, 321, -323, 4122) : 2, fraction(0)
(113, 113, -213, 223, 4122) : 1, fraction(0)
(113, 211, 221, 221, -4122) : 2, fraction(0)
(113, -213, -213, 411, 2212) : 1, fraction(0)
(113, 211, 221, -423, -2212) : 1, fraction(0)
(113, -211, 211, -213, 4122) : 4, fraction(0)
(113, 211, 323, -323, -4122) : 1, fraction(0)
(113, -213, 223, 411, 2112) : 1, fraction(0)
(113, 213, -213, 213, -4122) : 2, fraction(0)
(113, 221, -313, 321, -4122) : 1, fraction(0)
(113, -211, -311, 311, 4122) : 1, fraction(0)
(113, 211, 211, -213, -4122) : 4, fraction(0)
(113, 211, 221, 223, -4122) : 2, fraction(0)
(113, 211, 213, -213, -4122) : 1, fraction(0)
(113, 221, -311, 323, -4122) : 1, fraction(0)
(113, 213, 221, 221, -4122) : 1, fraction(0)
(113, 213, 321, -323, -4122) : 1, fraction(0)
(113, 211, 223, 223, -4122) : 2, fraction(0)
(113, 211, 311, -311, -4122) : 1, fraction(0)
(113, 113, 311, -321, 4122) : 1, fraction(0)
(113, -211, 223, 423, 2212) : 1, fraction(0)
(113, 211, 321, -321, -4122) : 3, fraction(0)
(113, -211, 321, 411, -2212) : 1, fraction(0)
(113, -213, 223, 223, 4122) : 2, fraction(0)
(113, 211, 331, -413, -2112) : 1, fraction(0)
(113, 211, -211, -423, -2112) : 1, fraction(0)
(113, 211, 211, -411, -2212) : 1, fraction(0)
(113, 223, 323, 423, -2212) : 1, fraction(0)
(113, -211, 213, 213, -4122) : 1, fraction(0)
(113, -211, 211, -211, 4122) : 6, fraction(0)
(113, -211, 221, 223, 4122) : 1, fraction(0)
(113, 113, 211, 221, -4122) : 1, fraction(0)
(113, 113, 213, 223, -4122) : 1, fraction(0)
(113, -211, -321, 321, 4122) : 1, fraction(0)
(113, 421, -2212, 2212, -3122) : 1, fraction(0)
(113, -211, 333, 433, 3122) : 1, fraction(0)
(113, -211, -311, -421, 4122) : 1, fraction(0)
(113, 211, 2212, -2212, -4122) : 3, fraction(0)
(113, 113, 211, 223, -4122) : 1, fraction(0)
(113, -211, 223, 413, 2112) : 1, fraction(0)
(113, 311, -2212, 3122, 4122) : 1, fraction(0)
(113, 221, 313, 413, -2212) : 1, fraction(0)
(113, 211, 221, -411, -2112) : 1, fraction(0)
(113, 113, -213, 221, 4122) : 1, fraction(0)
(113, 211, -213, -213, 4122) : 1, fraction(0)
(211, 223, 2212, -2212, -4122) : 1, fraction(0)
(-211, -213, -2214, 2224, 4122) : 1, fraction(0)
(211, 213, -213, 221, -4122) : 2, fraction(0)
(-211, 211, 213, 221, -4122) : 3, fraction(0)
(-211, 223, -2212, 2212, 4122) : 1, fraction(0)
(211, -211, -213, 423, 2212) : 1, fraction(0)
(-211, -311, -411, 413, 2212) : 1, fraction(0)
(-211, -211, -311, 321, 4122) : 1, fraction(0)
(211, -211, 211, 331, -4122) : 1, fraction(0)
(-211, 221, -321, 321, 4122) : 2, fraction(0)
(-211, 211, 221, -423, -2112) : 1, fraction(0)
(-211, 221, 221, 223, 4122) : 1, fraction(0)
(211, 311, 421, -431, -3122) : 1, fraction(0)
(211, 223, 311, -311, -4122) : 1, fraction(0)
(-211, 321, -411, 411, -2112) : 2, fraction(0)
(211, 213, 221, -411, -2212) : 1, fraction(0)
(-211, 221, 321, 411, -2212) : 1, fraction(0)
(211, 211, -211, -411, -2112) : 1, fraction(0)
(211, -211, 211, 221, -4122) : 3, fraction(0)
(-211, 211, -311, 321, -4122) : 2, fraction(0)
(211, 211, 311, -323, -4122) : 1, fraction(0)
(211, -211, 313, 421, 3122) : 1, fraction(0)
(-211, 223, -311, 443, 2212) : 1, fraction(0)
(-211, 211, -213, 223, 4122) : 2, fraction(0)
(-211, -213, 213, 221, 4122) : 1, fraction(0)
(-211, 211, -211, 423, 2212) : 1, fraction(0)
(211, 223, 321, -321, -4122) : 1, fraction(0)
(-211, 211, 2214, -2224, 4122) : 1, fraction(0)
(-211, -213, 213, 423, 2212) : 1, fraction(0)
(-211, 223, 323, 413, -2212) : 1, fraction(0)
(-211, -211, 213, 221, 4122) : 1, fraction(0)
(-211, 223, 321, -323, 4122) : 1, fraction(0)
(211, 211, 2112, -2212, -4122) : 1, fraction(0)
(211, -213, -313, 323, -4122) : 1, fraction(0)
(-211, 223, 223, 411, 2112) : 1, fraction(0)
(-211, 211, -211, 223, 4122) : 5, fraction(0)
(-211, 223, -311, 313, 4122) : 1, fraction(0)
(-211, -211, 213, 331, 4122) : 1, fraction(0)
(211, 223, 223, 223, -4122) : 1, fraction(0)
(211, -211, 213, 223, -4122) : 4, fraction(0)
(-211, 213, 2112, -2212, 4122) : 2, fraction(0)
(-211, -211, -2214, 2224, 4122) : 1, fraction(0)
(-211, 213, 213, 223, -4122) : 2, fraction(0)
(-211, -311, -421, 423, 2212) : 1, fraction(0)
(-211, -213, -2112, 2214, 4122) : 1, fraction(0)
(211, 221, -321, 323, -4122) : 1, fraction(0)
(211, 223, 321, -323, -4122) : 2, fraction(0)
(-211, -311, 411, -423, 2112) : 2, fraction(0)
(-211, 221, -313, 313, 4122) : 1, fraction(0)
(-211, -311, 3212, -3322, 4122) : 1, fraction(0)
(211, 213, 311, -321, -4122) : 1, fraction(0)
(211, 211, -213, 223, -4122) : 1, fraction(0)
(-211, -311, -411, 411, 2212) : 1, fraction(0)
(-211, 223, -321, 323, 4122) : 1, fraction(0)
(-211, 213, 311, -321, 4122) : 1, fraction(0)
(-211, 221, -2212, 2212, 4122) : 1, fraction(0)
(-211, -213, -313, 323, 4122) : 1, fraction(0)
(211, -213, 311, -323, 4122) : 1, fraction(0)
(-211, 213, 213, -433, -3122) : 1, fraction(0)
(211, -211, -313, 321, -4122) : 1, fraction(0)
(-211, -311, 313, 411, 2112) : 1, fraction(0)
(-211, 223, -2112, 2112, 4122) : 2, fraction(0)
(211, -213, -213, 221, 4122) : 1, fraction(0)
(-211, 211, 223, -421, -2112) : 1, fraction(0)
(-211, -211, 213, 413, 2112) : 1, fraction(0)
(211, 221, 321, -321, -4122) : 1, fraction(0)
(211, -211, 211, 223, -4122) : 4, fraction(0)
(-211, 221, 1114, -1114, 4122) : 1, fraction(0)
(-211, 211, -211, 223, 2212) : 1, fraction(0)
(211, 221, -311, 313, -4122) : 3, fraction(0)
(-211, 311, 413, -421, -2112) : 1, fraction(0)
(211, 311, -413, 413, -2212) : 1, fraction(0)
(211, 213, 2112, -2212, -4122) : 1, fraction(0)
(-211, -213, -311, 321, 4122) : 1, fraction(0)
(-211, 221, 223, 223, 4122) : 1, fraction(0)
(211, -211, 213, -421, -2212) : 1, fraction(0)
(211, 213, -213, 223, -4122) : 1, fraction(0)
(211, 211, 3212, -3222, -4122) : 1, fraction(0)
(211, -211, 213, 221, -4122) : 6, fraction(0)
(-211, 221, -321, 323, 4122) : 2, fraction(0)
(211, 221, 3222, -3222, -4122) : 1, fraction(0)
(-211, 221, 223, 421, 2212) : 1, fraction(0)
(-211, -213, 213, 223, 4122) : 2, fraction(0)
(211, -321, -411, 411, 2112) : 1, fraction(0)
(211, -213, 321, 423, -2212) : 1, fraction(0)
(-211, 211, -2112, 2212, -4122) : 1, fraction(0)
(-211, 211, -211, 221, 4122) : 3, fraction(0)
(-211, 213, -1114, 2112, -4122) : 1, fraction(0)
(211, 213, 313, -321, -4122) : 1, fraction(0)
(-211, 321, 411, -421, -2212) : 1, fraction(0)
(-211, 221, -321, 433, 2212) : 1, fraction(0)
(-211, -323, 2212, -3122, 4122) : 1, fraction(0)
(211, -213, 223, 421, 2112) : 1, fraction(0)
(211, 221, 321, -323, -4122) : 1, fraction(0)
(-211, 213, -311, 323, -2212) : 1, fraction(0)
(211, 221, 223, 223, -4122) : 1, fraction(0)
(-211, -211, 211, 423, 2212) : 1, fraction(0)
(-211, 221, 223, 413, 2112) : 1, fraction(0)
(211, 223, 321, -431, -2212) : 1, fraction(0)
(-211, 211, -213, 221, 4122) : 1, fraction(0)
(211, 321, -323, -421, -2212) : 2, fraction(0)
(-211, 213, -311, -411, 2212) : 1, fraction(0)
(211, 223, 311, -313, -4122) : 1, fraction(0)
(-211, 223, -321, 321, 4122) : 1, fraction(0)
(-211, -321, 411, -421, 2212) : 1, fraction(0)
(-211, 213, 213, 331, -4122) : 1, fraction(0)
(-211, -311, 311, 331, 4122) : 1, fraction(0)
(-211, 211, 213, 331, -4122) : 1, fraction(0)
(-211, 213, 313, -321, 4122) : 1, fraction(0)
(211, 211, -213, 331, -4122) : 1, fraction(0)
(211, 211, 3112, -3212, -4122) : 1, fraction(0)
(-211, 223, -311, 311, 4122) : 2, fraction(0)
(211, -213, 213, 223, -4122) : 3, fraction(0)
(-211, 211, -311, -421, -3122) : 1, fraction(0)
(211, 311, -413, 423, -2112) : 1, fraction(0)
(-211, 211, 213, 223, -4122) : 5, fraction(0)
(211, -211, 223, 421, 2112) : 1, fraction(0)
(-211, 211, -213, 411, 2112) : 1, fraction(0)
(211, -211, 2112, -2212, 4122) : 1, fraction(0)
(-211, 311, -311, 421, 2212) : 1, fraction(0)
(-211, 211, 2112, -2212, 4122) : 1, fraction(0)
(-211, -213, -313, 321, 4122) : 2, fraction(0)
(-211, -211, 213, 223, 4122) : 3, fraction(0)
(211, -213, -311, 321, -4122) : 1, fraction(0)
(211, -213, -213, 223, 4122) : 1, fraction(0)
(-211, 221, 221, 423, 2212) : 1, fraction(0)
(-211, 211, -313, 323, -4122) : 1, fraction(0)
(211, -213, -213, 423, 2212) : 1, fraction(0)
(211, -211, -213, 221, 4122) : 1, fraction(0)
(-211, -213, 221, 413, 2212) : 1, fraction(0)
(211, -211, 211, -413, -2112) : 1, fraction(0)
(211, 223, 1114, -2212, 4122) : 1, fraction(0)
(-211, 211, -2212, -2214, 2224) : 1, fraction(0)
(-211, 223, -313, 313, 4122) : 1, fraction(0)
(-211, 313, -2112, 3122, 4122) : 1, fraction(0)
(211, 221, 311, -313, -4122) : 1, fraction(0)
(211, 223, -321, 323, -4122) : 1, fraction(0)
(211, -211, 311, 411, -4122) : 1, fraction(0)
(211, 213, 2114, -2212, -2214) : 1, fraction(0)
(-211, 213, -311, 321, -4122) : 2, fraction(0)
(-211, 213, 213, 221, -4122) : 3, fraction(0)
(211, -213, 213, 221, -4122) : 2, fraction(0)
(211, 221, 313, -313, -4122) : 1, fraction(0)
(211, -211, 321, -431, -2112) : 1, fraction(0)
(211, 213, -213, -421, -2212) : 1, fraction(0)
(211, 223, -321, -411, 4122) : 1, fraction(0)
(-213, 223, 223, 331, 4122) : 1, fraction(0)
(213, 221, -311, 313, -4122) : 1, fraction(0)
(-213, 221, -321, 323, 4122) : 1, fraction(0)
(-213, 221, -2112, 2112, 4122) : 1, fraction(0)
(213, 223, 321, -323, -4122) : 1, fraction(0)
(-213, 221, 221, 331, 4122) : 1, fraction(0)
(213, -213, -311, -413, 2212) : 1, fraction(0)
(-213, 213, -313, 323, -4122) : 2, fraction(0)
(-213, 221, -321, 431, 2212) : 1, fraction(0)
(213, 221, 2212, -2212, -4122) : 1, fraction(0)
(213, 213, -321, -413, -3122) : 1, fraction(0)
(-213, 221, -321, 321, 4122) : 1, fraction(0)
(213, 221, -323, -411, 2212) : 1, fraction(0)
(213, 223, -311, 313, -4122) : 1, fraction(0)
(-213, 221, -323, 323, 4122) : 1, fraction(0)
(213, 223, 321, -321, -4122) : 1, fraction(0)
(-213, 213, -311, 323, -4122) : 1, fraction(0)
(213, 221, 221, 223, -4122) : 1, fraction(0)
(-213, 223, -321, 321, 4122) : 1, fraction(0)
(-213, 321, 333, 411, -2212) : 1, fraction(0)
(221, 221, -313, 321, -4122) : 1, fraction(0)
(221, -313, 321, -421, -2212) : 1, fraction(0)
(221, 223, -313, 323, -4122) : 1, fraction(0)
(221, 311, -2212, 3122, 4122) : 1, fraction(0)
(221, 223, -311, -413, 2212) : 1, fraction(0)
(221, 223, -2112, 2212, -4122) : 1, fraction(0)
(223, 313, -323, 411, 2112) : 1, fraction(0)
(223, -311, 321, 333, -4122) : 1, fraction(0)
(223, 311, -2212, 3122, 4122) : 1, fraction(0)
(223, 223, -311, 321, -2212) : 1, fraction(0)
(311, -321, -2212, 2212, 4122) : 1, fraction(0)
(-311, 321, 331, 333, -4122) : 1, fraction(0)
(-311, 323, 2112, -2112, -4122) : 1, fraction(0)
(311, 321, -321, -323, 4122) : 1, fraction(0)
(311, -323, -2212, 2212, 4122) : 1, fraction(0)
(313, -313, 313, -321, 2212) : 1, fraction(0)
(-321, -413, -2112, 2212, 2212) : 1, fraction(0)
(-321, 323, -323, -421, 2212) : 1, fraction(0)
(111, -211, -311, -421, 423, 2212) : 1, fraction(0)
(111, 113, 113, 211, 223, -4122) : 3, fraction(0)
(111, -213, 221, -311, 311, 4122) : 1, fraction(0)
(111, -211, 221, 321, -323, 4122) : 1, fraction(0)
(111, 111, 211, 221, -411, -2112) : 1, fraction(0)
(111, -213, 221, -323, 323, 4122) : 1, fraction(0)
(111, 113, -211, 211, -211, 4122) : 4, fraction(0)
(111, 211, -213, 313, 413, -2212) : 1, fraction(0)
(111, 111, 211, 221, 223, -4122) : 1, fraction(0)
(111, 211, 211, -211, -421, -2212) : 1, fraction(0)
(111, -211, -311, -411, 413, 2212) : 1, fraction(0)
(111, 211, -213, -311, 321, -4122) : 1, fraction(0)
(111, 111, 211, -213, -213, 4122) : 1, fraction(0)
(111, 311, -321, 2112, -2114, 4122) : 1, fraction(0)
(111, 113, -211, 321, -323, 4122) : 1, fraction(0)
(111, 111, -211, 221, 223, 4122) : 2, fraction(0)
(111, 111, 113, 211, 221, -4122) : 4, fraction(0)
(111, -213, 213, -311, 323, -4122) : 1, fraction(0)
(111, 311, 311, -313, 411, -2212) : 1, fraction(0)
(111, -211, 211, -311, 323, -4122) : 1, fraction(0)
(111, 111, -421, -2212, -3112, 3212) : 1, fraction(0)
(111, 113, -211, 211, 421, 2112) : 1, fraction(0)
(111, 113, 113, -311, 321, -4122) : 1, fraction(0)
(111, 111, -211, -211, 213, 4122) : 2, fraction(0)
(111, 113, -211, -213, 213, 4122) : 1, fraction(0)
(111, 211, 223, 223, 223, -4122) : 1, fraction(0)
(111, -211, 211, -211, 223, 4122) : 2, fraction(0)
(111, 113, 211, 223, 331, -4122) : 1, fraction(0)
(111, 113, 113, -211, 221, 4122) : 2, fraction(0)
(111, 111, 211, 321, -323, -4122) : 1, fraction(0)
(111, 211, 221, -311, 313, -4122) : 2, fraction(0)
(111, 111, 113, -313, 321, -4122) : 1, fraction(0)
(111, 111, -213, 213, -213, 4122) : 1, fraction(0)
(111, 113, 221, -313, 323, -4122) : 1, fraction(0)
(111, 113, 223, -311, 321, -4122) : 1, fraction(0)
(111, 111, 111, 111, -213, 4122) : 1, fraction(0)
(111, 211, -211, 211, 223, -4122) : 1, fraction(0)
(111, 111, 221, -2112, 2212, -4122) : 1, fraction(0)
(111, 113, -211, 213, -213, 4122) : 1, fraction(0)
(111, -213, 213, 311, -321, 4122) : 1, fraction(0)
(111, 211, -213, -311, -413, 2212) : 1, fraction(0)
(111, 211, 211, 3112, -3212, -4122) : 1, fraction(0)
(111, 111, 111, 111, 211, -4122) : 1, fraction(0)
(111, 111, -211, 211, 423, 2112) : 1, fraction(0)
(111, -211, 223, -321, 323, 4122) : 1, fraction(0)
(111, -211, 311, -1114, 3112, 4122) : 1, fraction(0)
(111, -213, 221, -321, 321, 4122) : 1, fraction(0)
(111, 111, 211, 211, -213, -4122) : 1, fraction(0)
(111, 111, 223, -311, 323, -4122) : 1, fraction(0)
(111, 113, 211, 213, -213, -4122) : 1, fraction(0)
(111, 211, -211, 211, 221, -4122) : 3, fraction(0)
(111, 111, 113, 2112, -2212, 4122) : 1, fraction(0)
(111, 211, 211, -213, 221, -4122) : 1, fraction(0)
(111, 111, 111, -213, 221, 4122) : 2, fraction(0)
(111, 111, 113, -211, 223, 4122) : 3, fraction(0)
(111, 213, 321, -321, -411, -2112) : 1, fraction(0)
(111, 213, 223, 321, -321, -4122) : 1, fraction(0)
(111, 211, -321, 323, 333, -4122) : 1, fraction(0)
(111, 111, 211, 2212, -2212, -4122) : 1, fraction(0)
(111, 113, 211, 211, -213, -4122) : 2, fraction(0)
(111, -211, 311, -313, 331, 4122) : 1, fraction(0)
(111, 113, -211, 213, 213, -4122) : 2, fraction(0)
(111, 221, -321, 321, 421, 2112) : 1, fraction(0)
(111, -211, 211, 213, 223, -4122) : 2, fraction(0)
(111, 111, -211, 223, 223, 4122) : 1, fraction(0)
(111, 111, -211, 211, -211, 4122) : 1, fraction(0)
(111, 113, 113, 313, -321, 4122) : 1, fraction(0)
(111, 111, 223, 313, -321, 4122) : 1, fraction(0)
(111, 111, 111, 113, 211, -4122) : 1, fraction(0)
(111, 111, 113, 113, -211, 4122) : 1, fraction(0)
(111, 113, 221, -311, 323, -4122) : 1, fraction(0)
(111, -211, 211, -211, 221, 4122) : 1, fraction(0)
(111, -211, 213, -213, 223, 4122) : 1, fraction(0)
(111, 113, 113, -211, 223, 4122) : 1, fraction(0)
(111, 113, 211, -213, -213, 4122) : 1, fraction(0)
(111, 113, -213, 213, -213, 4122) : 1, fraction(0)
(111, 211, -211, 311, -321, 4122) : 2, fraction(0)
(111, 111, 213, -311, 313, -4122) : 1, fraction(0)
(111, 211, 213, -213, 221, -4122) : 1, fraction(0)
(111, -211, 213, 221, 421, 2112) : 2, fraction(0)
(111, 111, 211, 213, -213, -4122) : 3, fraction(0)
(111, 111, 211, 223, 223, -4122) : 1, fraction(0)
(111, 113, -211, -211, 213, 4122) : 2, fraction(0)
(111, 111, -211, -2112, 2114, 4122) : 1, fraction(0)
(111, 211, 221, -321, 323, -4122) : 1, fraction(0)
(111, 211, 221, 311, -313, -4122) : 1, fraction(0)
(111, 113, 211, 221, -423, -2212) : 1, fraction(0)
(111, 111, 213, 221, 221, -4122) : 1, fraction(0)
(111, 111, 113, -2112, 2212, -4122) : 1, fraction(0)
(111, 113, 113, 113, 211, -4122) : 2, fraction(0)
(111, 111, -211, 213, -213, 4122) : 1, fraction(0)
(111, -211, 213, 313, -323, 4122) : 1, fraction(0)
(111, 113, -211, 221, 433, 3122) : 1, fraction(0)
(111, 111, 111, 113, -211, 4122) : 1, fraction(0)
(111, 113, 113, 211, 221, -4122) : 1, fraction(0)
(111, -211, 223, 223, 223, 4122) : 1, fraction(0)
(111, 211, -211, 211, 331, -4122) : 3, fraction(0)
(111, 111, 213, 321, -321, -4122) : 1, fraction(0)
(111, 111, 113, -211, 221, 4122) : 2, fraction(0)
(111, 113, 211, 321, -321, -4122) : 1, fraction(0)
(111, -213, 213, -311, 321, -4122) : 1, fraction(0)
(111, -211, 211, -213, 221, 4122) : 3, fraction(0)
(111, -211, 221, 223, 223, 4122) : 1, fraction(0)
(111, 113, 213, 223, -413, -2112) : 1, fraction(0)
(111, 111, -211, -213, 213, 4122) : 1, fraction(0)
(111, 223, 311, -321, 411, 2112) : 1, fraction(0)
(111, 111, -211, -2112, 2112, 2212) : 1, fraction(0)
(111, 113, 211, 223, 223, -4122) : 2, fraction(0)
(111, 211, -211, 223, -423, -2112) : 1, fraction(0)
(111, 111, -213, 223, 223, 4122) : 1, fraction(0)
(111, 113, 211, 221, 223, -4122) : 1, fraction(0)
(111, 211, -213, 313, -323, 4122) : 1, fraction(0)
(111, 113, 311, -323, 413, 2112) : 1, fraction(0)
(111, 113, -213, 223, 331, 4122) : 1, fraction(0)
(111, 211, -211, -213, 223, 4122) : 1, fraction(0)
(111, 113, -211, -2212, 2212, 4122) : 1, fraction(0)
(111, 211, -213, -213, 223, 4122) : 1, fraction(0)
(111, 111, 113, 211, 223, -4122) : 1, fraction(0)
(111, 111, -321, 323, 421, 2112) : 1, fraction(0)
(111, -211, 211, -311, 321, -4122) : 1, fraction(0)
(111, 111, -211, -2212, 2212, 4122) : 1, fraction(0)
(111, -211, -211, 213, 423, 2212) : 1, fraction(0)
(111, 211, 211, -213, 223, -4122) : 3, fraction(0)
(111, -211, 211, -321, 433, 2112) : 1, fraction(0)
(111, 111, 211, -211, -213, 4122) : 1, fraction(0)
(111, 211, 223, 311, -311, -4122) : 1, fraction(0)
(111, -211, 311, -2212, 3222, 4122) : 1, fraction(0)
(111, 111, 211, 2112, -2112, -4122) : 2, fraction(0)
(111, 113, 113, -311, 323, -4122) : 1, fraction(0)
(111, 113, -211, 221, 223, 4122) : 2, fraction(0)
(111, 213, -213, 313, -321, 4122) : 1, fraction(0)
(111, 111, 113, 213, 221, -4122) : 1, fraction(0)
(111, 113, 211, 311, -433, -2112) : 1, fraction(0)
(111, 111, -211, -323, 323, 4122) : 1, fraction(0)
(111, 113, -211, 221, 221, 4122) : 2, fraction(0)
(111, 113, -213, -2112, 2112, 2212) : 1, fraction(0)
(111, 111, 223, -311, 321, -4122) : 1, fraction(0)
(111, 211, -213, -313, 321, -4122) : 1, fraction(0)
(111, 111, 223, -323, -423, 2212) : 1, fraction(0)
(111, 211, -211, 213, 223, -4122) : 2, fraction(0)
(111, 111, 223, -311, -411, 2212) : 1, fraction(0)
(111, 111, -211, 211, 213, -4122) : 2, fraction(0)
(111, 111, 111, 113, -213, 4122) : 1, fraction(0)
(111, 211, 221, 223, 331, -4122) : 1, fraction(0)
(111, 211, 221, 223, -411, -2112) : 1, fraction(0)
(111, 111, -211, -3212, 3212, 4122) : 1, fraction(0)
(111, 113, -211, -2112, 2112, 4122) : 1, fraction(0)
(111, 221, 221, 2112, -2212, 4122) : 1, fraction(0)
(111, 113, -211, 211, 213, -4122) : 3, fraction(0)
(111, -211, 221, 221, 223, 4122) : 1, fraction(0)
(111, 213, -213, -313, 321, -4122) : 1, fraction(0)
(111, 113, -211, -211, 411, 2212) : 1, fraction(0)
(111, 221, -321, 333, 431, 2112) : 1, fraction(0)
(111, 211, -211, -311, -413, 2212) : 1, fraction(0)
(111, 211, 211, 311, -321, -4122) : 1, fraction(0)
(111, 113, 223, -313, 321, -4122) : 1, fraction(0)
(111, 211, -213, -213, 221, 4122) : 1, fraction(0)
(111, -211, 223, -321, 321, 4122) : 1, fraction(0)
(111, 111, 221, 313, -323, 4122) : 1, fraction(0)
(111, -211, 211, 213, 221, -4122) : 1, fraction(0)
(111, 113, 113, 113, -213, 4122) : 1, fraction(0)
(111, 111, -211, 213, -423, -2112) : 1, fraction(0)
(111, 111, 221, -2112, 3222, -4322) : 1, fraction(0)
(111, 113, -213, 223, 223, 4122) : 1, fraction(0)
(111, 111, 111, 211, 223, -4122) : 1, fraction(0)
(111, -211, 223, 223, 423, 2212) : 1, fraction(0)
(111, 211, -213, -313, 323, -4122) : 1, fraction(0)
(111, -211, 213, 311, -323, 4122) : 1, fraction(0)
(111, 111, -211, 213, 213, -4122) : 1, fraction(0)
(111, 113, -211, 211, -213, 4122) : 2, fraction(0)
(111, 111, 213, 221, 223, -4122) : 1, fraction(0)
(111, 211, 321, -321, -413, -2112) : 1, fraction(0)
(111, 113, 221, 313, -321, 4122) : 1, fraction(0)
(111, 211, -213, 2112, -2212, 4122) : 1, fraction(0)
(111, 211, 221, 321, -321, -4122) : 2, fraction(0)
(113, 211, -213, -311, 321, -4122) : 1, fraction(0)
(113, -213, 223, -321, 321, 4122) : 1, fraction(0)
(113, 211, -211, 211, 221, -4122) : 2, fraction(0)
(113, 211, 211, -213, 223, -4122) : 2, fraction(0)
(113, 211, 211, 313, -321, -4122) : 1, fraction(0)
(113, -211, -211, 323, 413, 3122) : 1, fraction(0)
(113, -211, 211, 2112, -2212, 4122) : 2, fraction(0)
(113, 211, -211, 213, 223, -4122) : 2, fraction(0)
(113, -211, -311, 311, 423, 2212) : 1, fraction(0)
(113, 211, -411, 2212, -2212, 3122) : 1, fraction(0)
(113, 211, -211, 213, -423, -2212) : 1, fraction(0)
(113, -211, 213, 223, -421, -2112) : 1, fraction(0)
(113, -211, -213, 213, 223, 4122) : 1, fraction(0)
(113, -211, -211, -311, 321, 4122) : 1, fraction(0)
(113, 113, -211, -321, 321, 4122) : 2, fraction(0)
(113, 211, 211, 221, -413, -2212) : 1, fraction(0)
(113, 211, 211, -213, -413, -2112) : 1, fraction(0)
(113, 211, -211, 211, 223, -4122) : 3, fraction(0)
(113, 211, -211, 213, 221, -4122) : 3, fraction(0)
(113, -211, 221, 2212, -3112, 3112) : 1, fraction(0)
(113, -211, 211, -213, 413, 2112) : 1, fraction(0)
(113, -211, -211, 213, 221, 4122) : 1, fraction(0)
(113, 113, 211, -211, 211, -4122) : 1, fraction(0)
(113, 113, -211, -2112, 2112, 4122) : 1, fraction(0)
(113, 113, 211, 211, -213, -4122) : 1, fraction(0)
(113, 211, -211, -213, 223, 4122) : 2, fraction(0)
(113, -211, 211, 313, -321, 4122) : 1, fraction(0)
(113, -211, 211, 213, 221, -4122) : 1, fraction(0)
(113, 211, -211, 313, -321, 4122) : 1, fraction(0)
(113, -211, -213, -311, 321, 4122) : 1, fraction(0)
(113, -211, 221, -311, 313, 4122) : 1, fraction(0)
(113, 211, 221, 311, -311, -2212) : 1, fraction(0)
(113, -211, 223, 311, -313, 4122) : 2, fraction(0)
(113, -211, 223, -311, 313, 4122) : 1, fraction(0)
(-211, -211, 413, -2112, 2112, 2214) : 1, fraction(0)
(211, 211, 211, -213, -213, -4122) : 1, fraction(0)
(-211, -211, 211, 211, -311, -3122) : 43, fraction(1)
(211, -213, 223, -311, 321, -4122) : 1, fraction(0)
(211, 221, -321, 323, -413, -2112) : 1, fraction(0)
(-211, -321, 321, -2212, 2212, 4122) : 1, fraction(0)
(-211, -211, -311, 413, -421, 2212) : 1, fraction(0)
(211, 213, -213, 223, 223, -2212) : 1, fraction(0)
(211, 211, -211, 211, -213, -4122) : 1, fraction(0)
(211, 211, 213, 1114, -2212, -4122) : 1, fraction(0)
(-211, 211, -213, 221, 223, 4122) : 2, fraction(0)
(211, 223, 311, -323, 423, 2112) : 1, fraction(0)
(211, -211, -213, 221, 223, 4122) : 1, fraction(0)
(211, -213, 221, 313, -323, 4122) : 1, fraction(0)
(211, -211, 213, 331, -413, -2112) : 1, fraction(0)
(-211, 211, 313, -321, 411, 2112) : 1, fraction(0)
(211, -211, -213, -213, 411, 2212) : 1, fraction(0)
(211, -211, -213, -321, 321, 2212) : 1, fraction(0)
(-211, -211, 211, -211, 213, 4122) : 1, fraction(0)
(211, 211, -213, -213, 423, 2112) : 1, fraction(0)
(211, -213, -213, 221, 221, 4122) : 1, fraction(0)
(211, -211, -213, 221, 421, 2212) : 1, fraction(0)
(211, 211, 223, -323, -411, -3122) : 1, fraction(0)
(-211, 211, -211, -213, 213, 4122) : 1, fraction(0)
(-211, 211, 221, -313, 321, -4122) : 1, fraction(0)
(211, -211, 211, -211, 213, -4122) : 1, fraction(0)
(211, 311, 311, -313, -313, -4122) : 1, fraction(0)
(-211, -211, 213, 213, -213, 4122) : 1, fraction(0)
(211, 211, 223, 2112, -2212, -4122) : 1, fraction(0)
(211, -211, 223, -2112, 2212, -4122) : 1, fraction(0)
(-211, 213, 221, -311, 321, -4122) : 1, fraction(0)
(211, -211, 221, 313, -321, 4122) : 1, fraction(0)
(211, -211, 223, 2112, -2212, 4122) : 2, fraction(0)
(211, -213, 221, 223, 421, 2112) : 1, fraction(0)
(-211, 211, -211, 211, 213, -4122) : 1, fraction(0)
(-211, 211, 223, -313, 321, -4122) : 1, fraction(0)
(211, -213, 223, 311, -323, 4122) : 1, fraction(0)
(211, -211, -213, -311, 313, 4122) : 1, fraction(0)
(-211, 213, -213, 213, 423, 2112) : 1, fraction(0)
(211, -211, 211, 221, 331, -4122) : 1, fraction(0)
(-211, -211, 433, -2112, 2212, 3122) : 1, fraction(0)
(-211, 221, -311, 321, -431, 2212) : 1, fraction(0)
(-211, 211, 421, -2112, 2112, 2112) : 1, fraction(0)
(-211, 211, 311, -321, 413, 2112) : 1, fraction(0)
(-211, 211, 221, -2212, -3112, 3212) : 1, fraction(0)
(211, -211, 211, -213, -421, -2112) : 1, fraction(0)
(-211, 211, -213, 221, 423, 2212) : 1, fraction(0)
(-211, 211, 211, -211, 421, 2112) : 1, fraction(0)
(-211, 211, 211, -211, -213, 4122) : 1, fraction(0)
(211, -211, -213, 221, 411, 2112) : 1, fraction(0)
(-211, -211, -211, 211, 411, 2212) : 1, fraction(0)
(211, -211, -321, 411, -413, 2212) : 1, fraction(0)
(-211, 211, 213, 223, 223, -4122) : 1, fraction(0)
(-211, 211, -213, 223, 411, 2112) : 1, fraction(0)
(-211, -211, 213, -2212, 2212, 4122) : 1, fraction(0)
(211, -211, 213, 221, 223, -4122) : 1, fraction(0)
(211, 211, -211, -211, 213, -4122) : 1, fraction(0)
(-211, 211, -211, 221, 221, 4122) : 1, fraction(0)
(-211, -213, 223, -311, 321, 4122) : 1, fraction(0)
(211, -211, 311, -321, 331, 4122) : 1, fraction(0)
(-211, 221, 223, 321, 413, -2212) : 1, fraction(0)
(-211, 211, -211, -3112, 3112, 4122) : 1, fraction(0)
(-211, 211, -321, -411, 411, 2212) : 1, fraction(0)
(-211, 211, -211, 211, -211, 4122) : 1, fraction(0)
(211, 213, -213, 221, 331, -4122) : 1, fraction(0)
(211, 221, 221, 323, -431, -2212) : 1, fraction(0)
(211, 211, 223, 223, -413, -2212) : 1, fraction(0)
(211, 211, -213, -213, 213, -4122) : 1, fraction(0)
(-211, 211, -211, 221, 223, 4122) : 1, fraction(0)
(-211, 211, 223, -311, 321, -4122) : 1, fraction(0)
(-211, -211, -321, 321, 413, 2212) : 1, fraction(0)
(-211, -211, 211, -211, 413, 2212) : 1, fraction(0)
(211, -211, 211, 2112, -2112, -4122) : 1, fraction(0)
(211, 211, -213, 221, 331, -4122) : 1, fraction(0)
(211, 211, -211, -211, 311, 3122) : 39, fraction(0)
(211, -211, 211, -211, 211, -4122) : 1, fraction(0)
(211, 213, -213, -321, 323, -4122) : 1, fraction(0)
(211, -211, -213, 223, 331, 4122) : 1, fraction(0)
(211, 221, -321, 2212, -3122, -4122) : 1, fraction(0)
(-211, -211, 213, -321, 321, 4122) : 1, fraction(0)
(211, 211, -213, 311, -311, -4122) : 1, fraction(0)
(211, -211, 211, 211, -213, -4122) : 1, fraction(0)
(-211, 211, -213, 223, 423, 2212) : 1, fraction(0)
(211, -211, -211, 213, 213, -4122) : 2, fraction(0)
(-211, 213, 221, 313, -321, 4122) : 1, fraction(0)
(211, 213, 223, 311, -321, -4122) : 1, fraction(0)
(211, -211, 211, 2212, -2212, -4122) : 1, fraction(0)
(211, 211, -433, 2112, -2212, -3122) : 1, fraction(0)
(211, -211, 223, -313, 323, -4122) : 1, fraction(0)
(211, -211, -211, 211, 213, -4122) : 1, fraction(0)
(211, -211, -213, 311, -313, 4122) : 1, fraction(0)
(211, 223, 223, 223, 223, -4122) : 1, fraction(0)
(-211, -213, 213, 321, -323, 4122) : 1, fraction(0)
(-211, -211, 211, 213, -213, 4122) : 1, fraction(0)
(-211, 213, 213, 311, -311, -4122) : 1, fraction(0)
(211, -211, 223, 313, -323, 4122) : 1, fraction(0)
(-211, 211, -211, -211, 213, 4122) : 1, fraction(0)
(-213, -311, 311, 321, -323, 4122) : 1, fraction(0)
(-213, 221, 321, -323, 411, 2112) : 1, fraction(0)
(213, 221, 223, 311, -311, -4122) : 1, fraction(0)
(213, 221, 311, -311, 331, -4122) : 1, fraction(0)
(213, 321, -321, -321, 323, -4122) : 1, fraction(0)
(-213, -213, 223, -311, 321, 4122) : 1, fraction(0)
(111, 211, -211, 211, 323, -323, -4122) : 1, fraction(0)
(111, 111, -211, 221, 223, 413, 2112) : 1, fraction(0)
(111, 211, -211, -213, 311, -313, 4122) : 1, fraction(0)
(111, 111, 111, 111, 211, 221, -4122) : 1, fraction(0)
(111, 113, 211, -211, 211, 221, -4122) : 1, fraction(0)
(111, 221, 311, -311, 313, 413, -2212) : 1, fraction(0)
(111, -211, 211, -211, 223, 223, 4122) : 3, fraction(0)
(111, -211, 211, -213, 213, -213, 4122) : 1, fraction(0)
(111, 211, 211, 221, 313, -323, -4122) : 1, fraction(0)
(111, 211, -213, 321, -321, -433, 2212) : 1, fraction(0)
(111, 111, 211, -213, -313, 323, -4122) : 1, fraction(0)
(111, -211, -213, 213, 221, 423, 2212) : 1, fraction(0)
(111, 111, 111, 211, -211, 213, -4122) : 1, fraction(0)
(111, 113, 211, -213, 311, 411, -2212) : 1, fraction(0)
(111, 113, 113, 211, 211, -213, -4122) : 1, fraction(0)
(111, 113, 211, 211, -213, 221, -4122) : 1, fraction(0)
(111, 111, 211, 211, 311, -321, -4122) : 1, fraction(0)
(111, 211, -211, -213, -321, 323, 4122) : 1, fraction(0)
(111, 111, 211, -211, 211, 221, -4122) : 1, fraction(0)
(111, 111, 113, -211, 211, -211, 4122) : 1, fraction(0)
(111, 111, 111, 113, 113, -211, 4122) : 1, fraction(0)
(111, 113, -211, 211, -211, 223, 4122) : 1, fraction(0)
(111, 211, -211, -213, 221, 223, 4122) : 1, fraction(0)
(111, 111, 111, 111, 113, -211, 4122) : 2, fraction(0)
(111, 113, 211, 223, 223, -413, -2112) : 1, fraction(0)
(111, 211, 211, 223, 2112, -2212, -4122) : 1, fraction(0)
(111, 111, 111, 111, 211, 223, -4122) : 1, fraction(0)
(111, -211, -211, 213, 223, 223, 4122) : 2, fraction(0)
(111, 211, 211, -211, -313, -413, -3122) : 1, fraction(0)
(111, 111, -211, -211, 213, 221, 4122) : 1, fraction(0)
(111, 111, 211, -211, -2112, 2212, -4122) : 1, fraction(0)
(111, 211, 213, -213, 223, -413, -2112) : 1, fraction(0)
(111, 111, -211, 213, -2112, 2212, -4122) : 1, fraction(0)
(111, 111, 113, -211, 213, 213, -4122) : 1, fraction(0)
(111, 113, 211, -211, -213, 223, 4122) : 1, fraction(0)
(111, -211, -211, 213, 311, -313, 4122) : 1, fraction(0)
(111, 113, -211, -211, 211, 423, 2212) : 1, fraction(0)
(111, -211, 211, 221, -311, 323, -4122) : 1, fraction(0)
(111, 111, 111, 211, -213, 213, -4122) : 1, fraction(0)
(111, 211, -211, -211, 213, -423, -2112) : 1, fraction(0)
(111, 211, -211, 213, 223, -411, -2112) : 1, fraction(0)
(111, 111, 223, 223, 313, -321, 4122) : 1, fraction(0)
(111, 111, 111, -211, 213, 421, 2112) : 1, fraction(0)
(111, -211, 211, -211, -213, 213, 4122) : 1, fraction(0)
(111, -211, 221, 221, -321, 321, 4122) : 1, fraction(0)
(111, 111, 211, 223, 2112, -2112, -4122) : 1, fraction(0)
(111, 111, 111, 111, 213, -421, -2212) : 1, fraction(0)
(111, -211, -211, 213, 223, 411, 2112) : 1, fraction(0)
(111, -211, 221, 223, -311, 311, 4122) : 1, fraction(0)
(111, 111, 111, 213, 223, -411, -2112) : 1, fraction(0)
(111, 111, -311, 311, -321, 431, 2112) : 1, fraction(0)
(111, -211, -211, 213, 221, 221, 4122) : 1, fraction(0)
(111, -211, 213, -213, 221, 223, 4122) : 1, fraction(0)
(111, 211, 221, 223, 321, -321, -4122) : 1, fraction(0)
(111, 111, -211, -213, 213, 221, 4122) : 1, fraction(0)
(111, -211, -213, 223, -311, 321, 4122) : 1, fraction(0)
(111, 113, 211, -211, 221, 423, 2112) : 1, fraction(0)
(111, 211, -213, 223, 321, 421, -2212) : 1, fraction(0)
(111, 211, -211, 211, 321, -321, -4122) : 1, fraction(0)
(111, 111, 111, -211, -213, 213, 4122) : 1, fraction(0)
(111, 211, -211, 211, -211, -213, 4122) : 1, fraction(0)
(111, 113, 113, 211, -211, 213, -4122) : 1, fraction(0)
(111, 111, 113, -211, 211, 213, -4122) : 3, fraction(0)
(111, -211, 211, -211, -2214, 2214, 4122) : 1, fraction(0)
(111, -211, 211, 213, -311, 313, -4122) : 1, fraction(0)
(111, 211, 211, 223, 2112, -2212, -2212) : 1, fraction(0)
(111, 113, -211, -211, 221, 411, 2212) : 1, fraction(0)
(111, 111, 113, 211, -211, 211, -4122) : 3, fraction(0)
(111, -211, 211, -211, 223, 331, 4122) : 1, fraction(0)
(111, 211, -213, 213, 221, 221, -4122) : 1, fraction(0)
(111, 211, -211, 211, -2212, 3212, -3212) : 1, fraction(0)
(111, 213, 311, -313, 321, -321, -4122) : 1, fraction(0)
(111, 111, -213, 213, -213, 221, 4122) : 1, fraction(0)
(111, -211, 213, 221, -311, 321, -4122) : 1, fraction(0)
(111, 111, 111, 211, -211, -421, -2112) : 1, fraction(0)
(111, 113, 211, 223, 2114, -2114, -2212) : 1, fraction(0)
(111, 211, 213, 311, -311, -411, -2212) : 1, fraction(0)
(111, 211, 211, -211, -213, 213, -4122) : 1, fraction(0)
(111, 113, -211, 211, 213, 223, -4122) : 1, fraction(0)
(111, 111, 111, 213, 331, -411, -2112) : 1, fraction(0)
(111, -213, 221, 223, 321, 411, -2212) : 1, fraction(0)
(111, 113, 211, 211, -211, -413, -2112) : 1, fraction(0)
(111, 111, -211, 213, 213, 331, -4122) : 1, fraction(0)
(111, 211, -213, 213, 221, -423, -2212) : 1, fraction(0)
(111, 113, 113, 211, 223, -423, -2212) : 1, fraction(0)
(111, -211, 213, 321, -321, 423, 2112) : 1, fraction(0)
(111, -211, 211, 211, -211, -213, 2212) : 1, fraction(0)
(111, 111, 211, -211, 211, 223, -4122) : 1, fraction(0)
(111, 111, -211, 211, -211, 221, 4122) : 1, fraction(0)
(111, 211, -211, 223, 1114, -2114, 2212) : 1, fraction(0)
(111, 111, 111, 113, 211, -411, -2112) : 1, fraction(0)
(111, 211, 211, 223, 313, -321, -4122) : 1, fraction(0)
(111, 111, 113, 211, -211, 213, -4122) : 2, fraction(0)
(111, 111, -211, 213, -311, 321, -4122) : 1, fraction(0)
(111, 111, -211, 213, -213, 423, 2212) : 1, fraction(0)
(111, -211, 211, -213, 321, -323, 4122) : 1, fraction(0)
(111, -211, 211, 211, 223, -421, -2212) : 1, fraction(0)
(111, 111, 111, 211, 221, 221, -4122) : 1, fraction(0)
(111, -211, -211, 223, -311, 323, 4122) : 1, fraction(0)
(111, 211, -211, -311, 321, -411, -2112) : 1, fraction(0)
(111, -211, 213, 223, 313, 411, -2212) : 1, fraction(0)
(111, 211, 211, 221, 2212, -2224, -4122) : 1, fraction(0)
(111, 111, 113, 113, -211, 413, 2112) : 1, fraction(0)
(111, -211, 211, 211, -211, -213, 4122) : 1, fraction(0)
(111, 211, -213, 221, 313, 413, -2212) : 1, fraction(0)
(111, 111, 211, 211, -213, -413, -2112) : 1, fraction(0)
(111, 113, 211, -211, 213, 223, -4122) : 1, fraction(0)
(111, 211, 211, -213, -311, 313, -4122) : 1, fraction(0)
(111, 211, 223, 311, 331, 421, -2212) : 1, fraction(0)
(111, -211, 221, 321, 331, 411, -2212) : 1, fraction(0)
(111, 111, 211, 223, 311, -311, -4122) : 1, fraction(0)
(111, 113, 113, -211, 211, -211, 4122) : 1, fraction(0)
(111, 211, 311, -311, 321, -321, -4122) : 1, fraction(0)
(111, 111, 111, 113, 211, -423, -2212) : 1, fraction(0)
(111, 111, -213, 213, -311, 321, -4122) : 1, fraction(0)
(111, 113, 311, -311, 311, 411, -2212) : 1, fraction(0)
(111, 111, 211, 213, -213, 221, -4122) : 1, fraction(0)
(111, 111, -213, 223, 223, 223, 2212) : 1, fraction(0)
(111, 113, -211, -211, -313, 321, 4122) : 1, fraction(0)
(111, 111, 211, -211, 213, 221, -4122) : 1, fraction(0)
(111, 113, 211, 211, -213, 223, -4122) : 1, fraction(0)
(111, 111, -211, 213, 213, 223, -4122) : 1, fraction(0)
(111, -211, 211, 213, 221, 221, -4122) : 1, fraction(0)
(111, 211, 211, -213, 221, 223, -4122) : 1, fraction(0)
(111, 211, -211, -213, -321, 321, 4122) : 1, fraction(0)
(111, 111, 111, 113, -211, 223, 4122) : 1, fraction(0)
(113, 211, 211, -211, 211, -213, -4122) : 1, fraction(0)
(113, 113, 211, -211, 211, 221, -4122) : 1, fraction(0)
(113, -211, 221, 223, -311, 311, 4122) : 1, fraction(0)
(113, -211, 211, -211, 213, -213, 4122) : 1, fraction(0)
(113, 211, -211, 213, -321, -411, 2212) : 1, fraction(0)
(113, -211, -211, 213, 223, 223, 4122) : 1, fraction(0)
(113, 113, -211, 211, 313, -321, 4122) : 1, fraction(0)
(113, 113, -211, 211, 213, 221, -4122) : 1, fraction(0)
(113, -211, 211, -211, 211, 213, -4122) : 2, fraction(0)
(113, 113, -211, 211, -211, 223, 4122) : 1, fraction(0)
(113, 211, 221, 221, 311, -311, -4122) : 1, fraction(0)
(113, 211, -211, 211, -311, 313, -4122) : 1, fraction(0)
(113, 211, -211, 213, 223, -411, -2112) : 1, fraction(0)
(113, -211, 311, -311, -321, 321, 4122) : 1, fraction(0)
(113, 211, -211, -211, 211, 213, -4122) : 1, fraction(0)
(113, -211, -211, 213, 223, 423, 2212) : 1, fraction(0)
(113, 211, 211, 211, -213, -213, -2212) : 1, fraction(0)
(113, -211, 211, -211, 221, 221, 4122) : 1, fraction(0)
(113, 113, -211, 211, -211, 421, 2212) : 1, fraction(0)
(113, 211, 213, 223, 313, -321, -2212) : 1, fraction(0)
(113, 211, -211, 211, 211, -213, -4122) : 1, fraction(0)
(113, -211, -211, 211, 213, 213, -4122) : 1, fraction(0)
(113, -211, -211, 211, -213, 411, 2212) : 1, fraction(0)
(-211, -211, 211, 211, -211, 223, 4122) : 1, fraction(0)
(211, -211, 211, -211, 211, 221, -4122) : 1, fraction(0)
(211, 211, -211, -211, 223, -421, -2112) : 1, fraction(0)
(-211, 211, -311, 313, 313, -321, 4122) : 1, fraction(0)
(-211, -211, 213, 213, 311, -321, 4122) : 1, fraction(0)
(-211, 211, -211, 211, 213, 221, -4122) : 1, fraction(0)
(-211, 211, -211, 211, -211, 223, 4122) : 2, fraction(0)
(-211, 211, 211, -213, 331, -423, -2112) : 1, fraction(0)
(211, -211, 211, 221, -311, 313, -4122) : 1, fraction(0)
(211, -211, 313, -321, -321, 323, 4122) : 1, fraction(0)
(-211, 211, -213, 223, -313, 313, 4122) : 1, fraction(0)
(-211, 211, -211, 213, 213, 223, -4122) : 1, fraction(0)
(211, -211, 213, -311, 311, -413, -2112) : 1, fraction(0)
(-211, -211, 213, 221, -321, 321, 4122) : 1, fraction(0)
(211, -211, 211, 311, -311, 333, -4122) : 1, fraction(0)
(-211, 211, -211, 213, 213, 221, -4122) : 1, fraction(0)
(-211, 211, -211, 213, 311, -321, 4122) : 1, fraction(0)
(-211, 211, 211, 213, 313, -323, -4122) : 1, fraction(0)
(211, -211, 213, 223, -311, -413, -3122) : 1, fraction(0)
(-211, 211, -211, 211, -211, 411, 2112) : 1, fraction(0)
(-211, 211, 211, -213, -2112, 2212, -4122) : 1, fraction(0)
(211, -211, 211, -211, -213, 223, 4122) : 1, fraction(0)
(211, -211, 213, 221, 223, -411, -2112) : 1, fraction(0)
(-211, -211, -211, 423, -2112, 2212, 2224) : 1, fraction(0)
(-211, 211, -211, 211, -213, 331, 4122) : 1, fraction(0)
(-211, 211, -311, 321, -321, 323, -4122) : 1, fraction(0)
(211, -211, 213, 223, 311, -311, -4122) : 1, fraction(0)
(211, -211, -211, -213, 331, 411, 2212) : 1, fraction(0)
(211, -211, 211, 221, 223, -423, -2212) : 1, fraction(0)
(-211, 211, -213, 313, -323, 411, 2212) : 1, fraction(0)
(-211, -211, -313, 321, -1114, -2212, 2212) : 1, fraction(0)
(211, 211, 211, -213, 223, -411, -2212) : 1, fraction(0)
(211, -211, -211, 213, -311, 321, -4122) : 1, fraction(0)
(211, 211, -211, -213, 331, 421, 2112) : 1, fraction(0)
(211, -211, 221, 223, 331, 423, 2112) : 1, fraction(0)
(211, -211, 211, -213, 213, 221, -4122) : 1, fraction(0)
(211, -211, 211, -213, 311, -321, 4122) : 1, fraction(0)
(-211, -211, 213, 221, 311, -313, 4122) : 1, fraction(0)
(211, -211, -211, 213, 2112, -2212, 4122) : 1, fraction(0)
(-211, 211, -211, 211, -213, 221, 4122) : 1, fraction(0)
(211, -211, 211, 223, 223, 331, -4122) : 1, fraction(0)
(111, 211, -211, 211, -211, -213, 223, 2212) : 1, fraction(0)
(111, 111, 111, 211, -211, 211, 223, -4122) : 1, fraction(0)
(111, 211, 211, -213, -213, 221, -423, -2112) : 1, fraction(0)
(111, 113, 211, 211, -213, 221, -421, -2212) : 1, fraction(0)
(111, 113, -211, 211, -211, 211, -213, 4122) : 1, fraction(0)
(111, 111, 211, 211, -213, 2212, -2212, -4122) : 1, fraction(0)
(111, 111, 111, 113, -213, 221, 223, 4122) : 1, fraction(0)
(111, 111, 111, 113, 211, -211, 211, -4122) : 1, fraction(0)
(111, 111, -211, -211, 213, 221, 331, 4122) : 1, fraction(0)
(111, 111, 113, 113, -211, -211, 213, 4122) : 1, fraction(0)
(111, 113, 211, -211, 211, 221, 223, -4122) : 2, fraction(0)
(111, 113, -211, -211, 211, 213, 421, 2112) : 1, fraction(0)
(111, 211, -211, 211, 221, 311, -311, -4122) : 1, fraction(0)
(111, 111, 111, 113, 211, -311, -411, -3122) : 1, fraction(0)
(111, 111, 111, -211, 221, 221, 223, 4122) : 1, fraction(0)
(111, 111, 113, 211, -211, -213, 221, 4122) : 1, fraction(0)
(111, 111, 111, 211, 223, 311, -313, -2212) : 1, fraction(0)
(111, 211, -211, -211, -213, 213, 421, 2212) : 1, fraction(0)
(111, 211, -211, -211, 213, -313, 321, -4122) : 1, fraction(0)
(111, 113, 211, -211, 211, 221, 221, -4122) : 1, fraction(0)
(111, 113, -211, 211, 211, -211, -213, 4122) : 2, fraction(0)
(111, 111, 113, -211, 221, -311, 311, 4122) : 1, fraction(0)
(111, 111, -211, -213, 213, 311, -313, 4122) : 1, fraction(0)
(111, 111, 111, -211, 211, -211, 223, 4122) : 1, fraction(0)
(111, 111, 211, -211, -211, -1114, 2212, -4122) : 1, fraction(0)
(111, 111, 211, -211, -211, 213, 421, 2112) : 1, fraction(0)
(111, 111, 111, -211, -211, 223, 413, 2212) : 1, fraction(0)
(111, 111, 211, -211, -211, 211, 213, -4122) : 1, fraction(0)
(111, -211, 211, 211, 213, -213, 223, -4122) : 1, fraction(0)
(111, 113, -211, 211, 223, 311, -321, 4122) : 1, fraction(0)
(111, -211, 211, 213, 213, -213, 223, -4122) : 1, fraction(0)
(111, 111, 113, 113, 211, 221, -413, -2112) : 1, fraction(0)
(111, 211, -211, 211, -213, 223, -421, -2112) : 1, fraction(0)
(111, 211, -211, 211, 213, -213, 221, -4122) : 1, fraction(0)
(111, 113, 211, 211, -213, 221, -413, -2112) : 1, fraction(0)
(111, -211, 211, 213, 221, 321, -321, -4122) : 1, fraction(0)
(111, 113, 113, 211, -211, 211, 331, -4122) : 1, fraction(0)
(111, 111, -211, 211, 213, -213, -213, 4122) : 1, fraction(0)
(111, -211, 211, -211, 223, -2212, 2212, 4122) : 1, fraction(0)
(111, 111, -211, 213, 223, 311, -321, 4122) : 1, fraction(0)
(111, 211, 211, 221, 221, 313, -323, -4122) : 1, fraction(0)
(111, 113, -211, 211, -211, -2212, 2212, 4122) : 1, fraction(0)
(111, -211, 211, -213, 221, -311, 311, 4122) : 1, fraction(0)
(111, 111, 113, 113, -211, 211, 213, -4122) : 1, fraction(0)
(111, 111, -211, 213, 221, 221, 423, 2112) : 1, fraction(0)
(111, -211, 211, 211, -211, 223, -423, -2112) : 1, fraction(0)
(111, 111, 111, -211, 221, -311, 311, 4122) : 1, fraction(0)
(111, 113, -211, 211, 311, -311, 421, 2112) : 1, fraction(0)
(111, 113, 211, 211, -211, 211, -213, -4122) : 1, fraction(0)
(111, 111, 113, 211, -211, -213, 223, 4122) : 1, fraction(0)
(111, 111, 211, -211, 213, 311, -313, -4122) : 1, fraction(0)
(111, 113, -211, 211, -211, 221, 221, 4122) : 1, fraction(0)
(111, 111, 111, 211, -213, -311, 323, -4122) : 1, fraction(0)
(111, 211, 211, -213, 213, 311, -321, -4122) : 2, fraction(0)
(111, 111, 113, -213, 221, 311, -313, 2212) : 1, fraction(0)
(111, -211, 211, -211, -211, 213, 223, 4122) : 1, fraction(0)
(111, -211, 211, -311, -321, 321, 323, -2212) : 1, fraction(0)
(111, 111, 113, -211, 211, 213, 221, -4122) : 1, fraction(0)
(111, -211, 221, -311, -311, 313, -421, 2212) : 1, fraction(0)
(111, 111, 111, 111, 211, 2114, -2224, 4122) : 1, fraction(0)
(111, 111, 211, -211, 211, 313, -431, -2112) : 1, fraction(0)
(111, 111, 211, -213, -213, -311, -423, 2212) : 1, fraction(0)
(111, 113, 211, 211, -211, 223, -411, -2112) : 1, fraction(0)
(111, 111, 111, 211, -211, 211, -421, -2212) : 1, fraction(0)
(111, -211, 211, -211, 313, -321, 411, 2212) : 1, fraction(0)
(111, -211, -211, 211, 221, 223, 411, 2112) : 1, fraction(0)
(111, 111, 113, -211, 211, 213, -413, -2112) : 1, fraction(0)
(111, 111, 113, 211, -211, 221, -421, -2112) : 1, fraction(0)
(111, 113, 211, -211, 221, -313, 321, -4122) : 1, fraction(0)
(113, 113, 211, -211, 211, 223, -411, -2112) : 1, fraction(0)
(113, -211, -211, 213, 311, -321, 411, 2212) : 1, fraction(0)
(113, 211, -211, 211, -211, 211, 221, -4122) : 1, fraction(0)
(113, 211, -211, 211, -213, 213, 221, -4122) : 1, fraction(0)
(113, -211, -211, 211, -211, 213, 221, 4122) : 1, fraction(0)
(113, 211, -211, 211, 223, 321, -321, -4122) : 1, fraction(0)
(211, -211, 211, -211, 213, -213, 213, -4122) : 1, fraction(0)
(-211, 211, -211, 211, -211, 331, 331, 4122) : 1, fraction(0)
(-211, 211, -211, 211, -211, 221, 223, 4122) : 1, fraction(0)
(-211, -211, 211, -211, 211, 221, 411, 2112) : 1, fraction(0)
(-211, 211, -211, 211, -213, 223, 223, 4122) : 1, fraction(0)
(211, -211, 211, 221, 223, -311, 313, -4122) : 1, fraction(0)
(211, -211, -211, 211, 223, -311, 323, -4122) : 1, fraction(0)
(211, -211, -211, 213, 223, -313, 321, -2212) : 1, fraction(0)
(-211, 211, 211, 211, -211, -213, 421, 2112) : 1, fraction(0)
(-211, 211, -211, 211, -211, -321, 323, 4122) : 1, fraction(0)
(211, -211, -211, -213, -311, 321, 421, 2212) : 1, fraction(0)
(211, 211, -211, -211, 213, 2212, -2212, -4122) : 1, fraction(0)
(211, -211, 211, 211, -213, -311, 313, -4122) : 1, fraction(0)
(211, -211, 211, 211, -213, -213, 213, -4122) : 1, fraction(0)
(-211, -211, 211, 211, 213, -213, -421, -2112) : 1, fraction(0)
(-211, 211, -211, 211, -211, 223, 331, 4122) : 1, fraction(0)
(211, 211, -211, 211, -213, 223, 223, -4122) : 1, fraction(0)
(111, 111, 113, 211, -213, -213, 221, 221, 4122) : 1, fraction(0)
(111, 211, 211, 213, 311, 311, -321, -321, -4122) : 1, fraction(0)
(111, 211, -211, 211, -211, 213, 221, 223, -4122) : 1, fraction(0)
(111, 111, 113, -211, 211, -211, 211, 213, -4122) : 1, fraction(0)
(111, 111, -211, -211, 211, -211, 213, 223, 4122) : 1, fraction(0)
(111, 111, 111, 113, 211, -211, -213, 223, 4122) : 1, fraction(0)
(111, 111, 113, 211, -211, 211, 211, -411, -2212) : 1, fraction(0)
(111, 111, 211, 211, -211, 211, -213, -411, -2112) : 1, fraction(0)
(111, 111, 111, -211, 211, -211, 221, 221, 4122) : 1, fraction(0)
(111, 111, 111, 211, -211, -213, -213, 213, 4122) : 1, fraction(0)
(111, 113, -211, 211, -211, -211, 213, 331, 4122) : 1, fraction(0)
(111, 113, -211, 211, -211, 211, 311, 421, 3122) : 1, fraction(0)
(111, 111, -211, 211, -211, 213, 223, -421, -2112) : 1, fraction(0)
(111, 111, 211, -211, 211, -211, -213, 223, 4122) : 1, fraction(0)
(111, 111, -211, 211, -211, 213, 213, 223, -4122) : 1, fraction(0)
(111, -211, 211, 211, -213, -321, 323, 423, 2112) : 1, fraction(0)
(111, 113, -211, 211, -211, 211, -213, 221, 4122) : 1, fraction(0)
(111, 111, 211, 221, 221, 223, 321, -321, -4122) : 1, fraction(0)
(111, 111, 211, -211, -213, 221, -311, 311, 4122) : 1, fraction(0)
(111, 111, 211, -211, 211, -213, 313, -321, 4122) : 1, fraction(0)
(111, 211, 211, 221, 311, 311, -311, -321, -4122) : 1, fraction(0)
(111, 111, -211, 211, 311, -311, -321, -423, 2212) : 1, fraction(0)
(111, 111, 211, -211, -211, 211, 213, 223, -4122) : 1, fraction(0)
(111, 113, 211, -211, -211, 211, 213, 221, -4122) : 1, fraction(0)
(111, 111, -211, -211, 211, -211, 211, 413, 2112) : 1, fraction(0)
(111, 111, 211, -211, 211, -211, 211, 221, -2212) : 1, fraction(0)
(111, -211, 211, 211, 211, -211, -213, 421, 2112) : 1, fraction(0)
(111, 111, 111, 111, 111, -421, -2112, 2212, -2212) : 1, fraction(0)
(111, 211, -211, 211, -211, 211, 313, -313, -4122) : 1, fraction(0)
(113, 211, -211, -211, 211, -311, 321, -423, -2212) : 1, fraction(0)
(113, 211, -211, 211, -211, 211, 221, 221, -2212) : 1, fraction(0)
(113, -211, 211, 211, -211, -213, 221, 223, 4122) : 1, fraction(0)
(-211, 211, 211, 211, -213, -213, 313, -323, 2212) : 1, fraction(0)
(-211, 211, -211, 211, -211, 211, -213, 223, 4122) : 1, fraction(0)
(-211, 211, 211, -211, -211, -213, 213, 223, 4122) : 1, fraction(0)
(-211, 211, 211, -211, -213, 221, 321, -323, 4122) : 1, fraction(0)
(-211, -211, -211, 213, 221, -311, 323, 331, 2212) : 1, fraction(0)
(-211, 211, -211, 211, -211, -211, 213, 221, 4122) : 1, fraction(0)
(211, -211, 211, 223, 311, 311, -311, -313, -2212) : 1, fraction(0)
(111, 111, 111, 111, -211, 213, 221, -311, 321, -4122) : 1, fraction(0)
(111, 111, 111, 211, -211, -211, 211, 213, -411, -2112) : 1, fraction(0)
(111, 113, 211, 211, 211, -213, -213, 221, 331, -2212) : 1, fraction(0)
(111, 111, -211, 211, -211, -211, 211, 223, 421, 2212) : 1, fraction(0)
(111, 111, 111, -211, 211, -213, 221, 221, 223, 2212) : 1, fraction(0)
(111, 211, -211, 211, -211, 311, -313, -2212, -3212, 3222) : 1, fraction(0)
(111, 111, 111, -211, 211, -211, -211, -2112, 2212, 4122) : 1, fraction(0)
(111, -211, -211, 211, -211, 211, 311, -313, 411, 2112) : 1, fraction(0)
(111, 111, 111, 113, -211, -211, 213, 223, 421, 2212) : 1, fraction(0)
(111, -211, 211, -211, 211, -211, 223, -311, 311, 4122) : 1, fraction(0)
